1569,121,0.466444,0.939564,88.3132,1.68909,-0.670817
1569,117,0.327089,0.917515,88.0658,2.26335,-0.717016
1572,124,0.528928,0.955293,88.5569,0.185422,-0.599247
1573,128,0.488371,0.963588,88.8335,-1.14246,-0.534325
1574,125,0.444556,0.959945,88.7646,-0.73006,-0.560593
1574,125,0.444556,0.959945,88.7646,-0.73006,-0.560593
1575,127,0.532067,0.969584,88.8871,-1.54588,-0.528857
1575,124,0.33093,0.924876,88.6306,-0.750642,-0.562301
1575,126,0.43745,0.960301,88.8654,-1.31909,-0.543669
1576,129,0.630673,0.984212,88.8687,-2.2621,-0.481159
1576,130,0.678651,0.988883,88.8793,-2.51752,-0.465702
1576,129,0.630673,0.984212,88.8687,-2.2621,-0.481159
1577,129,0.48236,0.967374,88.8661,-2.59374,-0.460645
1578,132,0.709115,0.98571,88.9609,-3.88869,-0.393131
1579,133,0.731563,0.986747,89.0092,-4.68655,-0.366266
1579,133,0.731563,0.986747,89.0092,-4.68655,-0.366266
1580,131,0.357055,0.924516,88.9652,-4.41233,-0.385625
1580,131,0.357055,0.924516,88.9652,-4.41233,-0.385625
1581,131,0.289691,0.89633,88.9949,-4.85311,-0.375635
1582,134,0.401365,0.95252,89.0842,-6.43161,-0.326481
1582,136,0.710882,0.993022,89.1053,-7.23654,-0.310628
1582,136,0.710882,0.993022,89.1053,-7.23654,-0.310628
1583,136,0.499518,0.974669,89.1021,-7.67164,-0.304138
1584,139,0.793059,0.978939,89.1366,-9.2115,-0.294239
1584,138,0.708597,0.990598,89.122,-8.84119,-0.294941
1584,138,0.708597,0.990598,89.122,-8.84119,-0.294941
1586,141,0.856629,0.988837,89.2051,-10.7392,-0.295058
1587,141,0.617405,0.980812,89.2235,-11.1401,-0.292962
1588,142,0.620022,0.97319,89.2519,-11.8928,-0.28787
1589,145,0.558733,0.966795,89.2908,-13.4038,-0.267341
1589,145,0.558733,0.966795,89.2908,-13.4038,-0.267341
1591,146,0.914081,0.977172,89.3127,-14.546,-0.249025
1592,147,0.914035,0.975975,89.3,-15.3073,-0.237095
1592,146,0.537371,0.96498,89.3068,-14.938,-0.242726
1592,147,0.914035,0.975975,89.3,-15.3073,-0.237095
1594,149,0.852303,0.971994,89.2415,-16.9851,-0.214498
1595,151,0.630739,0.969364,89.3027,-18.3912,-0.223652
1596,151,0.812332,0.973086,89.3601,-18.8903,-0.215084
1596,151,0.812332,0.973086,89.3601,-18.8903,-0.215084
1596,151,0.812332,0.973086,89.3601,-18.8903,-0.215084
1597,152,0.789527,0.973466,89.4958,-19.8215,-0.21286
1597,155,0.321622,0.9288,89.7099,-21.0055,-0.198129
1598,151,0.342839,0.926652,89.4933,-19.8008,-0.209615
1598,151,0.342839,0.926652,89.4933,-19.8008,-0.209615
1600,154,0.450295,0.955462,89.8191,-21.8265,-0.223974
1602,158,0.830994,0.987017,90.008,-24.0958,-0.176662
1602,158,0.830994,0.987017,90.008,-24.0958,-0.176662
1602,159,0.478031,0.973506,90.035,-24.495,-0.16736
1603,158,0.615446,0.985475,90.0347,-24.5048,-0.167482
1603,158,0.615446,0.985475,90.0347,-24.5048,-0.167482
1606,164,0.364331,0.950846,90.1933,-28.0603,-0.0749876
1607,163,0.90748,0.994826,90.2081,-28.0895,-0.0753458
1607,163,0.90748,0.994826,90.2081,-28.0895,-0.0753458
1608,165,0.57628,0.979907,90.2477,-29.1798,-0.0433794
1608,164,0.931698,0.994746,90.1982,-28.8279,-0.0564214
1608,163,0.541239,0.980694,90.2049,-28.4656,-0.0654972
1609,163,0.378781,0.948007,90.2607,-28.8455,-0.0493055
1609,165,0.908768,0.995828,90.3038,-29.5624,-0.0270903
1610,168,0.39865,0.95748,90.5051,-31.0156,0.0329535
1611,167,0.87338,0.994484,90.5337,-31.0472,0.037377
1612,168,0.841663,0.993883,90.581,-31.7673,0.065903
1612,168,0.841663,0.993883,90.581,-31.7673,0.065903
1612,166,0.361844,0.946396,90.497,-31.0547,0.0367099
1612,169,0.61278,0.992825,90.6018,-32.1246,0.0826025
1613,169,0.816497,0.990804,90.6388,-32.5091,0.10046
1613,169,0.816497,0.990804,90.6388,-32.5091,0.10046
1613,169,0.816497,0.990804,90.6388,-32.5091,0.10046
1613,169,0.816497,0.990804,90.6388,-32.5091,0.10046
1613,168,0.474534,0.975012,90.6178,-32.1476,0.0835598
1613,166,0.283069,0.918494,90.5328,-31.4262,0.0539881
1614,171,0.68728,0.993216,90.7232,-33.7149,0.172807
1615,173,0.447903,0.968463,90.67,-35.0057,0.229498
1618,175,0.818565,0.992106,90.4556,-37.2036,0.317396
1618,175,0.818565,0.992106,90.4556,-37.2036,0.317396
1618,175,0.818565,0.992106,90.4556,-37.2036,0.317396
1619,176,0.889979,0.990635,90.3211,-38.0879,0.34751
1620,177,0.892364,0.989316,90.2044,-39.0407,0.381512
1620,176,0.571274,0.980645,90.2648,-38.5996,0.365052
1622,179,0.750757,0.988759,90.0389,-41.0026,0.427496
1623,181,0.831213,0.991828,89.8393,-42.3464,0.436773
1624,182,0.932564,0.993481,89.7076,-43.2097,0.445426
1624,184,0.429432,0.967391,89.6431,-43.914,0.446915
1626,183,0.468918,0.972304,89.5936,-44.4493,0.441768
1628,188,0.705705,0.991096,89.4726,-46.9353,0.459368
1634,195,0.441625,0.95441,89.4519,-51.502,0.54104
1634,193,0.301637,0.920336,89.443,-50.984,0.533199
1634,197,0.734829,0.979413,89.5185,-51.9258,0.545474
2435,387,0.21763,0.888598,223.087,-70.3691,1.37975
2435,382,0.221461,0.891057,221.49,-70.5246,1.3714
2435,387,0.21763,0.888598,223.087,-70.3691,1.37975
2435,382,0.221461,0.891057,221.49,-70.5246,1.3714
2437,385,0.295682,0.909542,222.85,-70.0892,1.37033
2439,385,0.319516,0.916033,223.47,-69.7146,1.35073
2439,386,0.360234,0.919584,223.771,-69.688,1.35427
2440,386,0.353343,0.927426,223.989,-69.532,1.35376
2440,387,0.411573,0.93441,224.361,-69.4741,1.35706
2440,385,0.301978,0.916276,223.689,-69.5586,1.35022
2441,391,0.326516,0.934845,225.983,-69.1158,1.37208
2442,393,0.271246,0.924075,226.927,-68.8547,1.37464
2444,387,0.261302,0.916936,225.438,-69.0719,1.37882
2445,387,0.226198,0.90388,225.728,-68.9789,1.38287
2446,393,0.832344,0.979848,228.12,-68.5035,1.38603
2446,394,0.533938,0.969889,228.529,-68.4137,1.38532
2447,394,0.832065,0.981621,228.915,-68.2803,1.38172
2447,393,0.677653,0.976307,228.506,-68.37,1.38242
2447,394,0.832065,0.981621,228.915,-68.2803,1.38172
2447,394,0.832065,0.981621,228.915,-68.2803,1.38172
2447,393,0.677653,0.976307,228.506,-68.37,1.38242
2448,395,0.815306,0.986016,229.784,-68.0705,1.38544
2449,396,0.788701,0.987878,230.611,-67.9149,1.39065
2449,397,0.534984,0.983647,230.94,-67.8903,1.3919
2449,395,0.661344,0.980418,230.223,-67.9541,1.38784
2450,397,0.765498,0.987385,231.293,-67.8385,1.40529
2451,398,0.743641,0.984805,231.897,-67.7799,1.41153
2451,396,0.428483,0.965822,231.277,-67.8289,1.40899
2451,397,0.621294,0.982407,231.608,-67.8042,1.41026
2453,400,0.722284,0.987213,233.008,-67.6207,1.43247
2453,400,0.722284,0.987213,233.008,-67.6207,1.43247
2453,400,0.722284,0.987213,233.008,-67.6207,1.43247
2455,410,0.20534,0.889606,236.749,-66.6025,1.41673
2455,405,0.423413,0.962815,235.372,-67.0925,1.43235
2455,403,0.686535,0.988209,234.703,-67.2733,1.42983
2456,403,0.607962,0.981709,235.16,-67.1713,1.43385
2456,407,0.377934,0.952597,236.461,-66.8014,1.43041
2456,404,0.723106,0.990188,235.494,-67.0835,1.43415
2456,409,0.275236,0.922207,236.969,-66.6089,1.42679
2456,405,0.593077,0.984839,235.828,-66.9908,1.43637
2456,402,0.4627,0.967414,234.838,-67.2508,1.43302
2456,404,0.723106,0.990188,235.494,-67.0835,1.43415
2456,410,0.239843,0.908903,237.206,-66.5007,1.42077
2456,406,0.464243,0.969769,236.172,-66.8993,1.4337
2456,411,0.217045,0.898228,237.459,-66.3985,1.42113
2457,408,0.41542,0.96056,237.202,-66.5923,1.42704
2457,406,0.66978,0.985142,236.637,-66.7918,1.43261
2457,409,0.347046,0.945939,237.435,-66.5008,1.4257
2457,405,0.71029,0.987138,236.292,-66.8834,1.43529
2457,407,0.51928,0.979396,236.926,-66.6936,1.42932
2457,410,0.295453,0.931933,237.672,-66.3925,1.41967
2457,402,0.344115,0.938931,235.301,-67.1438,1.43194
2457,411,0.263805,0.91732,237.926,-66.2901,1.42003
2457,410,0.295453,0.931933,237.672,-66.3925,1.41967
2458,410,0.381805,0.955356,238.146,-66.277,1.41669
2458,411,0.328457,0.938865,238.399,-66.1746,1.41705
2458,409,0.476035,0.970595,237.909,-66.3852,1.42271
2458,407,0.763276,0.984897,237.4,-66.5781,1.42634
2458,403,0.324645,0.929954,236.096,-66.9486,1.42979
2458,408,0.611052,0.981739,237.676,-66.4767,1.42406
2458,405,0.497862,0.967892,236.765,-66.7679,1.43231
2458,404,0.396765,0.949643,236.43,-66.8608,1.43008
2458,414,0.223849,0.902604,239.177,-65.8954,1.40764
2458,407,0.763276,0.984897,237.4,-66.5781,1.42634
2458,413,0.251263,0.913142,238.92,-65.9968,1.41268
2459,408,0.762661,0.984661,238.075,-66.3461,1.41913
2459,409,0.738083,0.983786,238.307,-66.2546,1.41779
2459,410,0.547493,0.975666,238.544,-66.1464,1.41176
2459,407,0.575579,0.979429,237.798,-66.4474,1.42141
2459,411,0.432802,0.962921,238.797,-66.0441,1.41212
2459,406,0.45025,0.962025,237.508,-66.5458,1.42471
2459,414,0.269123,0.921826,239.575,-65.7651,1.40273
2459,415,0.240564,0.911869,239.806,-65.7063,1.39824
2459,413,0.303961,0.933748,239.317,-65.8664,1.40776
2460,410,0.897412,0.983651,238.918,-66.0181,1.40154
2460,409,0.669924,0.982299,238.68,-66.1263,1.40756
2460,409,0.669924,0.982299,238.68,-66.1263,1.40756
2460,411,0.671918,0.979302,239.171,-65.9158,1.4019
2460,410,0.897412,0.983651,238.918,-66.0181,1.40154
2460,414,0.338096,0.943646,239.947,-65.6369,1.39251
2460,404,0.247551,0.907946,237.201,-66.6021,1.41496
2460,414,0.338096,0.943646,239.947,-65.6369,1.39251
2460,411,0.671918,0.979302,239.171,-65.9158,1.4019
2460,413,0.406776,0.954619,239.69,-65.7381,1.39753
2460,412,0.508701,0.968773,239.427,-65.8157,1.40215
2460,413,0.406776,0.954619,239.69,-65.7381,1.39753
2460,407,0.396606,0.95707,238.171,-66.3191,1.41119
2460,421,0.171536,0.86603,241.323,-65.2898,1.36795
2461,409,0.433972,0.959801,239.069,-65.9744,1.40277
2461,411,0.774379,0.984791,239.558,-65.7642,1.39712
2461,410,0.555042,0.976852,239.305,-65.8663,1.39676
2461,412,0.8292,0.986003,239.814,-65.6643,1.39737
2461,411,0.774379,0.984791,239.558,-65.7642,1.39712
2461,413,0.603223,0.977942,240.077,-65.5868,1.39276
2461,409,0.433972,0.959801,239.069,-65.9744,1.40277
2461,414,0.469441,0.964403,240.333,-65.4858,1.38774
2461,409,0.433972,0.959801,239.069,-65.9744,1.40277
2461,415,0.382188,0.956457,240.564,-65.427,1.38325
2461,407,0.302373,0.933363,238.56,-66.167,1.4064
2461,405,0.229829,0.904676,237.925,-66.357,1.41238
2461,416,0.331598,0.938881,240.801,-65.4269,1.37927
2462,415,0.532025,0.973,240.997,-65.3087,1.3842
2462,414,0.673233,0.982281,240.766,-65.3675,1.38868
2462,414,0.673233,0.982281,240.766,-65.3675,1.38868
2462,418,0.308426,0.92827,241.686,-65.2487,1.37411
2462,413,0.770513,0.98135,240.51,-65.4683,1.39369
2462,416,0.429331,0.960715,241.233,-65.3085,1.38022
2462,413,0.770513,0.98135,240.51,-65.4683,1.39369
2462,410,0.386932,0.949638,239.739,-65.7474,1.39769
2462,411,0.470604,0.961922,239.991,-65.6454,1.39805
2462,408,0.277976,0.923413,239.27,-65.9466,1.40504
2462,410,0.386932,0.949638,239.739,-65.7474,1.39769
2463,415,0.632761,0.980709,241.468,-65.2179,1.38339
2463,414,0.59175,0.975602,241.237,-65.2767,1.38787
2463,416,0.547227,0.973819,241.705,-65.2177,1.37941
2463,413,0.492307,0.968307,240.981,-65.3776,1.39288
2463,412,0.406566,0.952141,240.719,-65.455,1.39749
2463,418,0.378502,0.945583,242.158,-65.1578,1.3733
2463,417,0.452189,0.958765,241.947,-65.1933,1.37752
2464,417,0.495003,0.964596,242.392,-65.0936,1.37373
2464,413,0.354893,0.942285,241.426,-65.2781,1.38911
2465,414,0.309989,0.931514,242.085,-65.0715,1.39156
2465,413,0.273799,0.918809,241.829,-65.1723,1.39657
2465,416,0.388499,0.94733,242.554,-65.0122,1.3831
2465,412,0.246166,0.906645,241.566,-65.2499,1.40119
2465,415,0.350302,0.940214,242.316,-65.0125,1.38708
2466,411,0.185881,0.8876,241.647,-65.2291,1.40869
2466,416,0.297445,0.924137,242.889,-64.8923,1.39089
2466,407,0.135794,0.876771,240.65,-65.6315,1.41794
2466,414,0.248398,0.908325,242.42,-64.9516,1.39933
2466,413,0.223003,0.899885,242.165,-65.0522,1.40434
2466,412,0.203778,0.894976,241.902,-65.1297,1.40894
2467,421,0.292975,0.902301,244.106,-64.5156,1.38206
2467,416,0.241719,0.905516,243.206,-64.8014,1.3981
2467,413,0.189111,0.892582,242.482,-64.9614,1.41154
2467,415,0.222536,0.900335,242.969,-64.8019,1.40206
2467,417,0.259396,0.907093,243.449,-64.7767,1.39622
2468,413,0.161714,0.89125,242.768,-64.9049,1.41467
2468,410,0.130544,0.881742,241.999,-65.1836,1.41866
2469,414,0.151385,0.889103,243.311,-64.7708,1.40836
2469,415,0.161392,0.888375,243.542,-64.7119,1.4039
2469,416,0.171867,0.887364,243.779,-64.7114,1.39994
2472,430,0.134646,0.838295,246.291,-63.3292,1.33792
2474,430,0.116302,0.832338,247.232,-63.3625,1.34467
3284,2347,0.348656,0.91542,226.85,-144.062,2.99965
3284,2349,0.29966,0.906115,226.757,-143.293,2.97339
3285,2347,0.37346,0.924721,226.737,-143.83,2.9971
3286,2347,0.381863,0.924543,226.648,-143.567,2.99049
3287,2347,0.363549,0.922117,226.589,-143.337,2.99046
3289,2349,0.477041,0.948721,226.453,-142.116,2.96363
3290,2351,0.614328,0.967599,226.455,-141.137,2.90282
3290,2351,0.614328,0.967599,226.455,-141.137,2.90282
3291,2351,0.632487,0.968933,226.388,-140.901,2.89932
3292,2351,0.526972,0.962235,226.378,-140.67,2.90043
3292,2352,0.758053,0.975114,226.353,-140.335,2.89474
3293,2352,0.624441,0.968953,226.334,-140.026,2.89485
3293,2353,0.788388,0.974367,226.335,-139.557,2.88664
3293,2353,0.788388,0.974367,226.335,-139.557,2.88664
3294,2353,0.706214,0.974655,226.236,-139.166,2.87108
3296,2355,0.953585,0.989428,225.9,-137.401,2.81972
3300,2358,0.851765,0.98638,225.361,-135.025,2.76323
3300,2358,0.851765,0.98638,225.361,-135.025,2.76323
3303,2361,0.578259,0.978389,224.929,-132.81,2.71769
3305,2362,0.792327,0.983879,224.595,-131.456,2.68022
3306,2362,0.563129,0.972651,224.448,-130.963,2.66323
3309,2367,0.379285,0.950702,223.588,-126.916,2.55981
3310,2365,0.437465,0.956295,223.611,-127.33,2.56703
3311,2367,0.765125,0.983576,223.534,-126.321,2.54042
3313,2370,0.498971,0.970428,223.547,-124.857,2.52185
3313,2370,0.498971,0.970428,223.547,-124.857,2.52185
3314,2369,0.502989,0.964133,223.589,-124.886,2.51895
3314,2371,0.481028,0.965135,223.509,-123.785,2.51201
3314,2373,0.245765,0.877834,223.46,-122.523,2.49961
3315,2371,0.819427,0.982813,223.481,-123.211,2.51442
3316,2373,0.461722,0.957769,223.392,-121.342,2.49562
3317,2373,0.802833,0.985377,223.37,-120.822,2.49695
3318,2374,0.823123,0.990664,223.282,-119.87,2.47754
3318,2374,0.823123,0.990664,223.282,-119.87,2.47754
3318,2374,0.823123,0.990664,223.282,-119.87,2.47754
3321,2378,0.448566,0.953513,223.067,-116.989,2.43404
3324,2378,0.367975,0.923965,222.752,-115.3,2.39993
3324,2381,0.447199,0.956496,222.361,-113.432,2.3593
3325,2381,0.802573,0.989439,222.234,-112.866,2.32493
3326,2381,0.587527,0.975327,222.169,-112.408,2.30709
3328,2383,0.581049,0.978911,221.95,-110.866,2.2678
3328,2384,0.802704,0.993583,221.812,-110.425,2.26011
3329,2382,0.272756,0.919673,221.828,-110.707,2.27773
3329,2382,0.272756,0.919673,221.828,-110.707,2.27773
3329,2382,0.272756,0.919673,221.828,-110.707,2.27773
3330,2386,0.813766,0.990678,221.325,-108.292,2.23902
3330,2382,0.21129,0.902042,221.73,-110.161,2.26984
3330,2387,0.444215,0.964477,221.218,-107.727,2.22354
3331,2387,0.788786,0.995097,221.101,-107.133,2.21606
3331,2389,0.309962,0.933658,220.921,-106.023,2.21929
3331,2386,0.584809,0.985447,221.209,-107.698,2.23156
3331,2388,0.438622,0.962905,220.984,-106.555,2.22273
3332,2388,0.786462,0.989103,220.872,-105.98,2.21617
3332,2388,0.786462,0.989103,220.872,-105.98,2.21617
3332,2387,0.597541,0.98294,220.989,-106.558,2.20949
3333,2389,0.792517,0.99216,220.735,-104.908,2.22064
3333,2387,0.376537,0.948427,220.915,-106.018,2.21741
3333,2390,0.449329,0.969661,220.687,-104.464,2.21726
3333,2388,0.588289,0.986323,220.798,-105.44,2.22409
3333,2390,0.449329,0.969661,220.687,-104.464,2.21726
3333,2388,0.588289,0.986323,220.798,-105.44,2.22409
3334,2390,0.804904,0.995211,220.644,-104.006,2.20514
3334,2391,0.447247,0.969746,220.614,-103.582,2.20074
3334,2388,0.374978,0.952282,220.755,-104.982,2.21197
3334,2391,0.447247,0.969746,220.614,-103.582,2.20074
3334,2387,0.277511,0.921308,220.872,-105.56,2.2053
3335,2391,0.81906,0.996278,220.574,-103.155,2.20112
3335,2391,0.81906,0.996278,220.574,-103.155,2.20112
3335,2389,0.37247,0.957793,220.651,-104.025,2.20892
3335,2390,0.567006,0.984358,220.603,-103.58,2.20553
3335,2390,0.567006,0.984358,220.603,-103.58,2.20553
3335,2387,0.218104,0.905998,220.832,-105.137,2.20568
3335,2395,0.201406,0.892925,220.508,-101.122,2.20234
3335,2389,0.37247,0.957793,220.651,-104.025,2.20892
3336,2392,0.809276,0.991134,220.587,-102.225,2.21346
3336,2393,0.464938,0.969661,220.605,-101.708,2.20794
3336,2388,0.21571,0.90694,220.718,-104.103,2.21638
3336,2391,0.585175,0.987258,220.577,-102.698,2.20513
3337,2395,0.323368,0.941532,220.542,-100.14,2.20652
3337,2393,0.820457,0.994625,220.635,-101.192,2.20808
3337,2394,0.456347,0.972852,220.591,-100.674,2.20845
3337,2393,0.820457,0.994625,220.635,-101.192,2.20808
3337,2395,0.323368,0.941532,220.542,-100.14,2.20652
3338,2394,0.828798,0.995024,220.561,-100.15,2.20748
3338,2394,0.828798,0.995024,220.561,-100.15,2.20748
3338,2395,0.457795,0.975175,220.511,-99.6142,2.20554
3339,2394,0.587226,0.986252,220.521,-99.6112,2.20644
3339,2394,0.587226,0.986252,220.521,-99.6112,2.20644
3339,2393,0.374731,0.959108,220.566,-100.134,2.20608
3339,2395,0.80315,0.994874,220.472,-99.075,2.2045
3339,2394,0.587226,0.986252,220.521,-99.6112,2.20644
3339,2390,0.181793,0.887813,220.568,-101.57,2.2077
3340,2396,0.827447,0.996181,220.424,-98.0281,2.20099
3340,2396,0.827447,0.996181,220.424,-98.0281,2.20099
3340,2396,0.827447,0.996181,220.424,-98.0281,2.20099
3340,2396,0.827447,0.996181,220.424,-98.0281,2.20099
3341,2397,0.81112,0.993706,220.339,-97.0666,2.19334
3342,2399,0.465861,0.976858,220.297,-95.7592,2.17524
3342,2398,0.797402,0.994262,220.299,-96.2085,2.18304
3345,2401,0.833452,0.995027,220.258,-93.4675,2.11551
3345,2401,0.833452,0.995027,220.258,-93.4675,2.11551
3346,2405,0.260177,0.920887,220.1,-91.1003,2.05522
3347,2404,0.487196,0.967299,220.16,-91.079,2.04971
3349,2405,0.84868,0.995998,219.953,-89.6529,2.02045
3351,2408,0.53593,0.970748,219.92,-87.4781,1.93181
3351,2412,0.196174,0.899565,219.807,-86.0313,1.8986
3352,2408,0.882916,0.997229,219.904,-87.0755,1.91912
3352,2408,0.882916,0.997229,219.904,-87.0755,1.91912
3352,2408,0.882916,0.997229,219.904,-87.0755,1.91912
3352,2409,0.504412,0.976955,219.871,-86.7115,1.90903
3353,2409,0.888756,0.998205,219.835,-86.3385,1.9002
3353,2411,0.372354,0.954524,219.795,-85.6326,1.88345
3353,2416,0.163261,0.894702,219.677,-83.8561,1.84682
3354,2410,0.880578,0.997442,219.773,-85.6496,1.88608
3354,2410,0.880578,0.997442,219.773,-85.6496,1.88608
3354,2409,0.602514,0.989113,219.803,-85.9945,1.89389
3354,2409,0.602514,0.989113,219.803,-85.9945,1.89389
3355,2411,0.876979,0.996255,219.75,-84.9387,1.86876
3355,2411,0.876979,0.996255,219.75,-84.9387,1.86876
3355,2412,0.525538,0.980471,219.711,-84.5669,1.86251
3355,2413,0.391446,0.954682,219.676,-84.209,1.85484
3356,2412,0.880153,0.994519,219.683,-84.2143,1.85554
3356,2413,0.539737,0.980805,219.648,-83.8561,1.84787
3356,2413,0.539737,0.980805,219.648,-83.8561,1.84787
3356,2411,0.626779,0.990978,219.721,-84.5865,1.8618
3356,2412,0.880153,0.994519,219.683,-84.2143,1.85554
3356,2414,0.392259,0.956873,219.635,-83.5091,1.84016
3356,2417,0.223969,0.91022,219.641,-82.4554,1.81151
3357,2413,0.87224,0.99097,219.604,-83.5133,1.8415
3357,2413,0.87224,0.99097,219.604,-83.5133,1.8415
3357,2414,0.552455,0.981867,219.591,-83.1662,1.83379
3357,2411,0.440508,0.966305,219.677,-84.2447,1.85545
3357,2413,0.87224,0.99097,219.604,-83.5133,1.8415
3357,2412,0.644589,0.989483,219.639,-83.8718,1.84918
3357,2414,0.552455,0.981867,219.591,-83.1662,1.83379
3357,2417,0.260201,0.924216,219.597,-82.1114,1.80511
3358,2416,0.391434,0.958626,219.535,-82.1329,1.8114
3358,2412,0.444088,0.969584,219.614,-83.5387,1.84181
3358,2419,0.227277,0.906396,219.599,-81.1171,1.776
3358,2413,0.667018,0.991806,219.579,-83.1801,1.83413
3358,2417,0.314113,0.93866,219.573,-81.7788,1.79775
3359,2415,0.812578,0.991714,219.537,-82.1863,1.81498
3359,2420,0.228702,0.905752,219.592,-80.5248,1.7643
3359,2417,0.397293,0.956676,219.556,-81.4745,1.79248
3360,2415,0.728314,0.990911,219.495,-81.8698,1.81078
3360,2414,0.498732,0.976046,219.508,-82.2119,1.81694
3361,2419,0.39337,0.95196,219.556,-80.1824,1.75575
3361,2418,0.501301,0.97349,219.549,-80.5017,1.76606
3362,2417,0.84762,0.991754,219.55,-80.5233,1.76555
3362,2417,0.84762,0.991754,219.55,-80.5233,1.76555
3362,2417,0.84762,0.991754,219.55,-80.5233,1.76555
3362,2416,0.551467,0.984069,219.512,-80.878,1.77922
3362,2418,0.68917,0.98836,219.569,-80.1786,1.75406
3362,2421,0.314332,0.9339,219.622,-79.2759,1.72629
3363,2418,0.906463,0.992889,219.588,-79.8909,1.74369
3363,2416,0.433178,0.964618,219.531,-80.5903,1.76885
3363,2416,0.433178,0.964618,219.531,-80.5903,1.76885
3363,2418,0.906463,0.992889,219.588,-79.8909,1.74369
3363,2419,0.653255,0.989792,219.595,-79.5701,1.73332
3363,2417,0.584846,0.985119,219.568,-80.2356,1.75518
3363,2413,0.224271,0.911243,219.574,-81.6382,1.79159
3364,2416,0.354719,0.946881,219.534,-80.3187,1.76223
3364,2419,0.982419,0.995384,219.599,-79.2959,1.72662
3364,2419,0.982419,0.995384,219.599,-79.2959,1.72662
3364,2418,0.64577,0.98799,219.592,-79.618,1.73702
3365,2420,0.879253,0.993351,219.621,-78.7711,1.71383
3365,2420,0.879253,0.993351,219.621,-78.7711,1.71383
3365,2420,0.879253,0.993351,219.621,-78.7711,1.71383
3365,2422,0.442713,0.961823,219.718,-78.192,1.69217
3365,2413,0.186327,0.896004,219.59,-81.1378,1.77883
3365,2421,0.582063,0.984684,219.657,-78.4765,1.70283
3365,2421,0.582063,0.984684,219.657,-78.4765,1.70283
3366,2421,0.809642,0.990236,219.691,-78.2319,1.69599
3366,2420,0.749255,0.992811,219.654,-78.5275,1.70702
3366,2420,0.749255,0.992811,219.654,-78.5275,1.70702
3366,2421,0.809642,0.990236,219.691,-78.2319,1.69599
3366,2422,0.54848,0.977385,219.752,-77.9464,1.6853
3366,2421,0.809642,0.990236,219.691,-78.2319,1.69599
3367,2422,0.736214,0.99408,219.806,-77.6962,1.67511
3367,2421,0.807753,0.994102,219.745,-77.9825,1.68584
3367,2420,0.557899,0.980736,219.708,-78.2791,1.69691
3367,2420,0.557899,0.980736,219.708,-78.2791,1.69691
3367,2421,0.807753,0.994102,219.745,-77.9825,1.68584
3368,2423,0.669434,0.98975,219.92,-77.1802,1.6529
3368,2424,0.482039,0.967706,219.938,-76.8919,1.64229
3368,2421,0.584833,0.983423,219.797,-77.7527,1.67533
3368,2420,0.448855,0.966955,219.759,-78.05,1.68643
3368,2422,0.896582,0.98862,219.858,-77.4658,1.66458
3368,2426,0.312868,0.923807,220.07,-76.2684,1.61027
3368,2425,0.385413,0.945575,219.985,-76.5847,1.62539
3369,2423,0.892981,0.992032,219.953,-76.9514,1.64413
3369,2426,0.365237,0.940405,220.103,-76.0395,1.60149
3369,2422,0.652884,0.980498,219.891,-77.2372,1.65581
3369,2425,0.448892,0.96479,220.018,-76.3558,1.61661
3370,2425,0.558883,0.980956,220.013,-76.1322,1.60948
3370,2421,0.385297,0.949324,219.825,-77.3019,1.65949
3370,2426,0.423795,0.954596,220.099,-75.8158,1.59436
3370,2420,0.316555,0.931971,219.787,-77.6003,1.67062
3370,2423,0.691214,0.991247,219.948,-76.7279,1.637
3370,2414,0.144553,0.875203,219.744,-79.6356,1.7284
3371,2427,0.407875,0.952502,220.192,-75.2923,1.57532
3371,2425,0.756124,0.990299,220.035,-75.8894,1.60303
3371,2424,0.752121,0.988792,219.988,-76.1963,1.61992
3371,2426,0.512506,0.975587,220.121,-75.5733,1.58791
3371,2421,0.331787,0.934376,219.847,-77.0592,1.65303
3372,2425,0.812352,0.988833,220.078,-75.6654,1.59415
3372,2424,0.574505,0.981768,220.031,-75.9717,1.61102
3372,2427,0.503643,0.964851,220.235,-75.0694,1.56649
3372,2423,0.437382,0.960617,220.013,-76.2599,1.62162
3372,2422,0.346307,0.939131,219.951,-76.5459,1.63331
3373,2429,0.375591,0.944854,220.48,-74.3165,1.53849
3373,2425,0.617595,0.9843,220.128,-75.415,1.58735
3373,2422,0.31207,0.92098,220.001,-76.2955,1.62652
3374,2427,0.848616,0.993015,220.335,-74.5951,1.54888
3374,2428,0.598642,0.980235,220.433,-74.3322,1.53606
3375,2427,0.716699,0.994946,220.376,-74.398,1.53467
3375,2430,0.420916,0.956003,220.703,-73.685,1.50184
3375,2428,0.769841,0.990614,220.474,-74.1353,1.52187
3376,2426,0.422914,0.954942,220.372,-74.479,1.53843
3376,2423,0.246463,0.898237,220.223,-75.3862,1.58086
3376,2425,0.34164,0.933131,220.287,-74.7935,1.55347
3376,2430,0.510079,0.968874,220.77,-73.4876,1.49312
3377,2429,0.838146,0.991583,220.688,-73.4912,1.49626
3377,2425,0.299508,0.919991,220.338,-74.5837,1.54485
3377,2423,0.218119,0.888816,220.274,-75.1752,1.57218
3377,2428,0.597856,0.982047,220.592,-73.7299,1.50461
3377,2426,0.359892,0.942206,220.424,-74.2698,1.52983
3377,2432,0.376209,0.957474,221.005,-72.964,1.46098
3378,2430,0.846073,0.99344,220.94,-73.0939,1.4753
3378,2427,0.377777,0.947821,220.613,-73.8054,1.50806
3378,2429,0.658244,0.987141,220.808,-73.3043,1.48693
3378,2425,0.264031,0.908715,220.458,-74.3969,1.53551
3379,2431,0.764537,0.988109,221.132,-72.7493,1.44589
3379,2426,0.268982,0.916467,220.644,-73.9187,1.50347
3379,2430,0.713599,0.98749,221.041,-72.9305,1.45834
3379,2432,0.545306,0.985323,221.225,-72.6135,1.43466
3379,2431,0.764537,0.988109,221.132,-72.7493,1.44589
3380,2431,0.758178,0.988627,221.178,-72.6238,1.439
3380,2428,0.340712,0.943418,220.858,-73.2539,1.4714
3380,2432,0.728841,0.988304,221.271,-72.4878,1.42776
3380,2429,0.410758,0.961221,220.955,-73.015,1.46305
3381,2427,0.255575,0.917876,220.828,-73.3935,1.47759
3382,2432,0.598227,0.984651,221.463,-72.2603,1.41686
3382,2433,0.869873,0.987842,221.58,-72.1357,1.41367
3382,2434,0.642797,0.984592,221.701,-71.9842,1.4015
3383,2435,0.603284,0.983709,221.932,-71.7213,1.40014
3383,2435,0.603284,0.983709,221.932,-71.7213,1.40014
3383,2434,0.855591,0.986818,221.801,-71.8854,1.39931
3383,2434,0.855591,0.986818,221.801,-71.8854,1.39931
3383,2437,0.357116,0.94988,222.364,-71.3601,1.39759
3384,2434,0.687679,0.987665,221.933,-71.7786,1.39611
3385,2434,0.51843,0.974023,222.09,-71.6401,1.39351
3386,385,0.293403,0.908533,222.652,-70.1679,1.37316
3386,2436,0.764433,0.986046,222.595,-71.1701,1.38694
3387,2440,0.382462,0.949767,223.928,-70.3016,1.36943
3387,2439,0.510715,0.966345,223.711,-70.4571,1.36994
3387,2437,0.861281,0.985414,223.093,-70.8301,1.38946
3387,384,0.296732,0.912622,222.607,-70.0217,1.36882
3387,385,0.316578,0.914464,222.9,-70.0051,1.37263
3388,2440,0.471488,0.969952,224.188,-70.1401,1.35862
3388,2439,0.653742,0.983499,223.971,-70.2955,1.35912
3388,2440,0.471488,0.969952,224.188,-70.1401,1.35862
3388,2437,0.594885,0.983055,223.354,-70.6683,1.37863
3388,387,0.344691,0.920228,223.835,-69.7582,1.36859
3389,2439,0.915631,0.987276,224.175,-70.1462,1.35613
3389,2440,0.614579,0.984017,224.392,-69.9908,1.35562
3389,2440,0.614579,0.984017,224.392,-69.9908,1.35562
3389,2437,0.462326,0.96477,223.557,-70.5192,1.37565
3389,2439,0.915631,0.987276,224.175,-70.1462,1.35613
3390,2440,0.887193,0.987696,224.579,-69.8177,1.3517
3390,387,0.421731,0.9441,224.227,-69.4348,1.36164
3391,2440,0.741815,0.987304,224.777,-69.7166,1.35897
3391,386,0.350345,0.934697,224.054,-69.3908,1.36566
3391,2444,0.325895,0.9415,225.85,-69.3161,1.38065
3392,2442,0.739381,0.98692,225.489,-69.4291,1.38193
3392,2441,0.776753,0.988523,225.238,-69.5379,1.37344
3392,2440,0.526897,0.978377,224.986,-69.6567,1.36511
3392,385,0.263919,0.916897,223.963,-69.3568,1.36829
3392,2439,0.401878,0.961821,224.769,-69.8121,1.36562
3393,392,0.342308,0.945815,226.566,-68.9134,1.38701
3393,391,0.44911,0.959211,226.243,-68.9727,1.39133
3393,2442,0.852514,0.987843,225.723,-69.3695,1.39146
3393,2440,0.412643,0.965899,225.22,-69.597,1.37464
3393,393,0.281898,0.930288,226.937,-68.8201,1.38536
3394,392,0.420396,0.958574,226.801,-68.8508,1.38549
3394,389,0.514222,0.964628,225.862,-68.9938,1.38356
3394,2440,0.344663,0.95161,225.455,-69.5345,1.37312
3395,391,0.704133,0.977794,226.707,-68.8267,1.3895
3395,389,0.42254,0.958763,226.092,-68.9104,1.38324
3395,391,0.704133,0.977794,226.707,-68.8267,1.3895
3395,2443,0.639012,0.985452,226.474,-69.1442,1.39505
3395,388,0.327625,0.939247,225.735,-68.9923,1.38343
3396,2444,0.712245,0.986543,226.994,-68.95,1.39536
3396,389,0.353107,0.948971,226.328,-68.8101,1.38409
3396,2443,0.477565,0.972525,226.709,-69.0441,1.39589
3396,2448,0.316757,0.931776,228.423,-68.5056,1.39884
3397,2446,0.732822,0.987277,227.866,-68.7066,1.40712
3397,393,0.650007,0.9804,227.885,-68.5092,1.3896
3397,394,0.453603,0.965256,228.295,-68.4193,1.38889
3397,389,0.30548,0.936475,226.579,-68.7443,1.38934
3397,2442,0.314135,0.939683,226.671,-69.0582,1.39569
3397,2444,0.516284,0.978839,227.245,-68.8843,1.4006
3398,2447,0.663886,0.98297,228.553,-68.5147,1.40245
3398,394,0.596068,0.977939,228.594,-68.3611,1.38782
3398,393,0.920409,0.984233,228.185,-68.4509,1.38853
3398,2444,0.40136,0.959476,227.545,-68.826,1.39952
3398,395,0.423809,0.957525,229.043,-68.2838,1.391
3398,389,0.264585,0.923598,226.88,-68.6859,1.38827
3399,2447,0.952283,0.988287,228.853,-68.4159,1.40029
3399,394,0.843889,0.985525,228.894,-68.2627,1.38568
3399,2446,0.598098,0.984672,228.467,-68.5495,1.40389
3399,2442,0.235531,0.916649,227.272,-68.901,1.39247
3399,2448,0.608506,0.984865,229.274,-68.2831,1.40084
3399,393,0.661525,0.978701,228.485,-68.3524,1.38638
3399,395,0.550032,0.974503,229.342,-68.1855,1.38885
3400,2449,0.55441,0.971058,230.02,-68.0642,1.39758
3400,2451,0.314814,0.936452,230.685,-67.9785,1.41598
3400,396,0.503046,0.975765,230.034,-68.0443,1.38601
3401,397,0.462605,0.972844,230.685,-67.9391,1.38922
3401,398,0.359588,0.955103,230.971,-67.9151,1.39045
3401,2449,0.767212,0.985348,230.342,-67.9833,1.39957
3402,2450,0.673046,0.983703,230.999,-67.8745,1.41398
3403,397,0.82211,0.988633,231.235,-67.8619,1.39299
3404,2450,0.635199,0.98405,231.495,-67.8125,1.41721
3404,2452,0.553374,0.980418,232.096,-67.7454,1.42691
3405,2451,0.680514,0.985022,232.01,-67.7382,1.42644
3405,398,0.740144,0.993471,231.97,-67.7565,1.39881
3406,399,0.773581,0.989089,232.454,-67.6767,1.4068
3406,400,0.668559,0.991199,232.745,-67.6406,1.42222
3406,2453,0.656421,0.98584,232.814,-67.6249,1.43617
3407,2453,0.886663,0.988628,233.054,-67.6054,1.43865
3407,400,0.795624,0.989469,232.984,-67.6212,1.42468
3407,400,0.795624,0.989469,232.984,-67.6212,1.42468
3407,403,0.363937,0.954202,233.894,-67.4532,1.4229
3407,2452,0.576737,0.984628,232.769,-67.6512,1.43973
3407,400,0.795624,0.989469,232.984,-67.6212,1.42468
3408,2453,0.630864,0.986252,233.345,-67.5641,1.43835
3408,400,0.582345,0.985982,233.274,-67.5801,1.42436
3408,2454,0.808062,0.992862,233.71,-67.4944,1.43907
3408,399,0.432823,0.968242,232.982,-67.6163,1.40892
3409,404,0.453999,0.97204,234.834,-67.2381,1.4188
3409,402,0.781413,0.987665,234.178,-67.4056,1.41767
3409,2456,0.461517,0.972137,234.906,-67.1957,1.43741
3409,410,0.189879,0.883478,236.544,-66.6556,1.40538
3409,407,0.266256,0.91469,235.8,-66.9562,1.41503
3409,2459,0.224248,0.894505,236.246,-66.841,1.42839
3409,2461,0.16516,0.870345,237.012,-66.5592,1.41333
3409,2455,0.703987,0.986629,234.447,-67.298,1.43337
3409,404,0.453999,0.97204,234.834,-67.2381,1.4188
3409,402,0.781413,0.987665,234.178,-67.4056,1.41767
3410,403,0.783833,0.987846,234.816,-67.229,1.4208
3410,404,0.583665,0.988837,235.15,-67.1411,1.42111
3410,398,0.24967,0.917466,233.362,-67.4783,1.40524
3410,2457,0.424005,0.960703,235.688,-66.9908,1.43863
3410,2455,0.839753,0.991601,234.765,-67.2005,1.43568
3410,402,0.648701,0.985526,234.495,-67.3084,1.41998
3410,408,0.269563,0.918062,236.392,-66.7581,1.41507
3410,2454,0.52358,0.976497,234.346,-67.3104,1.43727
3410,401,0.474926,0.972958,234.188,-67.3621,1.42298
3411,405,0.594239,0.986831,235.783,-66.9684,1.43053
3411,2458,0.383732,0.950959,236.462,-66.7946,1.44288
3411,403,0.664218,0.988004,235.115,-67.1488,1.42802
3411,2460,0.239037,0.906813,237.236,-66.5352,1.4277
3411,407,0.370719,0.950951,236.415,-66.7792,1.42457
3411,2456,0.888911,0.988852,235.523,-67.018,1.44694
3411,403,0.664218,0.988004,235.115,-67.1488,1.42802
3411,402,0.481069,0.972696,234.794,-67.2282,1.42719
3412,2457,0.753257,0.989439,236.288,-66.8522,1.4418
3412,410,0.272004,0.924493,237.459,-66.4204,1.41085
3412,405,0.768893,0.993,236.081,-66.9106,1.42647
3412,2457,0.753257,0.989439,236.288,-66.8522,1.4418
3412,404,0.675745,0.986253,235.747,-67.0033,1.42425
3412,2458,0.481554,0.971359,236.762,-66.7363,1.43881
3412,410,0.272004,0.924493,237.459,-66.4204,1.41085
3412,402,0.392589,0.954827,235.091,-67.1706,1.42312
3412,405,0.768893,0.993,236.081,-66.9106,1.42647
3412,406,0.587126,0.984864,236.425,-66.8191,1.4238
3412,409,0.318257,0.937957,237.222,-66.5285,1.41687
3412,407,0.456936,0.971616,236.714,-66.7211,1.42049
3412,404,0.675745,0.986253,235.747,-67.0033,1.42425
3412,2461,0.22462,0.90405,237.927,-66.324,1.41879
3412,411,0.241819,0.910489,237.712,-66.3181,1.41121
3413,2458,0.641502,0.983219,237.073,-66.6469,1.4325
3413,2457,0.794184,0.990656,236.598,-66.7629,1.4355
3413,2457,0.794184,0.990656,236.598,-66.7629,1.4355
3413,405,0.65045,0.988864,236.389,-66.8218,1.42018
3413,410,0.317911,0.940427,237.77,-66.3308,1.40453
3413,406,0.765659,0.988585,236.734,-66.7302,1.4175
3413,408,0.468578,0.970766,237.3,-66.5305,1.41191
3413,407,0.600628,0.985133,237.024,-66.6319,1.41419
3413,403,0.392714,0.953439,235.721,-67.0025,1.41765
3413,2461,0.256791,0.916536,238.238,-66.2343,1.41248
3413,415,0.184302,0.884689,239.032,-65.8903,1.39099
3413,414,0.200235,0.892554,238.801,-65.9491,1.39549
3414,2458,0.98295,0.987517,237.392,-66.5197,1.43185
3414,407,0.760695,0.994067,237.341,-66.5051,1.41355
3414,2460,0.391029,0.956105,238.165,-66.2602,1.41666
3414,409,0.479221,0.970869,237.85,-66.3124,1.40993
3414,410,0.387346,0.956916,238.087,-66.2042,1.4039
3414,406,0.64425,0.985003,237.052,-66.6034,1.41686
3414,411,0.326244,0.941166,238.34,-66.1019,1.40426
3414,409,0.479221,0.970869,237.85,-66.3124,1.40993
3414,412,0.282718,0.927184,238.597,-66.0017,1.40452
3414,2461,0.291126,0.931116,238.555,-66.1078,1.41185
3414,405,0.497276,0.971406,236.707,-66.695,1.41954
3415,407,0.637652,0.986467,237.621,-66.397,1.40917
3415,407,0.637652,0.986467,237.621,-66.397,1.40917
3415,409,0.635487,0.984806,238.13,-66.2041,1.40554
3415,408,0.759507,0.992448,237.897,-66.2956,1.40689
3415,406,0.487324,0.969809,237.331,-66.4954,1.41249
3415,409,0.635487,0.984806,238.13,-66.2041,1.40554
3415,2458,0.648125,0.983248,237.672,-66.4112,1.42746
3415,411,0.39568,0.957023,238.62,-65.9935,1.39987
3415,2460,0.482922,0.970566,238.445,-66.1517,1.41227
3415,412,0.3341,0.94217,238.877,-65.8934,1.40013
3415,2461,0.351885,0.946444,238.835,-65.9995,1.40746
3415,2460,0.482922,0.970566,238.445,-66.1517,1.41227
3415,410,0.471764,0.976869,238.367,-66.0959,1.39951
3415,405,0.396357,0.956716,236.986,-66.587,1.41516
3415,2456,0.32819,0.937979,236.73,-66.6352,1.43154
3415,404,0.330224,0.938419,236.651,-66.6799,1.41295
3416,411,0.494341,0.971328,238.867,-65.8942,1.39975
3416,410,0.63251,0.987274,238.614,-65.9964,1.39939
3416,410,0.63251,0.987274,238.614,-65.9964,1.39939
3416,407,0.484972,0.970513,237.868,-66.2973,1.40904
3416,414,0.294954,0.928754,239.643,-65.6154,1.39036
3416,412,0.400578,0.957642,239.124,-65.7941,1.4
3416,414,0.294954,0.928754,239.643,-65.6154,1.39036
3416,413,0.340869,0.942875,239.386,-65.7166,1.39538
3416,408,0.608491,0.987202,238.144,-66.196,1.40676
3416,405,0.32633,0.938685,237.234,-66.4873,1.41502
3416,404,0.277994,0.921652,236.899,-66.5802,1.41281
3417,411,0.655705,0.986612,239.112,-65.805,1.39256
3417,410,0.737963,0.991648,238.858,-65.9074,1.3922
3417,409,0.609804,0.982742,238.621,-66.0157,1.39823
3417,413,0.416391,0.956029,239.632,-65.6273,1.3882
3417,409,0.609804,0.982742,238.621,-66.0157,1.39823
3417,410,0.737963,0.991648,238.858,-65.9074,1.3922
3417,412,0.503146,0.97384,239.369,-65.7049,1.39282
3417,2461,0.549602,0.978416,239.326,-65.811,1.40016
3417,2461,0.549602,0.978416,239.326,-65.811,1.40016
3417,407,0.383331,0.955208,238.112,-66.2087,1.40187
3417,405,0.276823,0.924595,237.476,-66.399,1.40787
3417,415,0.303427,0.92814,240.12,-65.4671,1.37867
3417,408,0.476816,0.969385,238.388,-66.1072,1.39958
3418,409,0.463149,0.968974,238.893,-65.9185,1.39668
3418,2460,0.616997,0.979551,239.21,-65.8655,1.4034
3418,412,0.667284,0.985704,239.641,-65.6076,1.39127
3418,412,0.667284,0.985704,239.641,-65.6076,1.39127
3418,2460,0.616997,0.979551,239.21,-65.8655,1.4034
3418,409,0.463149,0.968974,238.893,-65.9185,1.39668
3418,408,0.383074,0.952656,238.66,-66.01,1.39804
3418,2459,0.420681,0.960769,238.836,-65.9941,1.41365
3418,411,0.715899,0.988141,239.384,-65.7077,1.39101
3418,410,0.587884,0.982685,239.131,-65.8101,1.39065
3418,411,0.715899,0.988141,239.384,-65.7077,1.39101
3418,2461,0.678201,0.983407,239.599,-65.7136,1.39861
3418,415,0.361744,0.94508,240.393,-65.3697,1.37712
3418,415,0.361744,0.94508,240.393,-65.3697,1.37712
3419,2464,0.307961,0.925999,241.227,-65.3,1.39224
3419,2462,0.563864,0.975644,240.31,-65.4906,1.39684
3419,2462,0.563864,0.975644,240.31,-65.4906,1.39684
3419,2463,0.399959,0.952424,240.782,-65.3997,1.39603
3419,2463,0.399959,0.952424,240.782,-65.3997,1.39603
3419,417,0.322601,0.928059,241.149,-65.241,1.36852
3419,2460,0.467355,0.966164,239.489,-65.761,1.40069
3419,410,0.465951,0.965378,239.408,-65.7058,1.38795
3419,411,0.56534,0.979617,239.661,-65.6035,1.38831
3419,413,0.694012,0.982653,240.181,-65.4258,1.38395
3420,413,0.692083,0.988395,240.434,-65.3388,1.37864
3420,413,0.692083,0.988395,240.434,-65.3388,1.37864
3420,415,0.558686,0.972964,240.922,-65.1786,1.36911
3420,2463,0.473426,0.961949,241.035,-65.3128,1.39073
3420,412,0.56409,0.97884,240.17,-65.4165,1.38327
3420,416,0.46157,0.960258,241.16,-65.1783,1.36511
3420,2461,0.50622,0.971423,240.128,-65.5225,1.3906
3420,418,0.328418,0.926956,241.614,-65.1182,1.35897
3420,416,0.46157,0.960258,241.16,-65.1783,1.36511
3420,2466,0.229556,0.895652,242.221,-64.9868,1.40222
3420,413,0.692083,0.988395,240.434,-65.3388,1.37864
3421,416,0.584893,0.976099,241.433,-65.0821,1.35977
3421,2468,0.174311,0.886841,243.096,-64.7437,1.40719
3421,418,0.400086,0.942225,241.887,-65.022,1.35364
3421,417,0.468797,0.960116,241.675,-65.0575,1.35786
3421,413,0.54278,0.975628,240.708,-65.2424,1.37329
3421,411,0.361115,0.946621,240.188,-65.4199,1.37765
3422,416,0.697414,0.984671,241.706,-65.0419,1.35634
3422,418,0.490838,0.96027,242.161,-64.9817,1.35019
3422,419,0.409841,0.944945,242.352,-64.9315,1.34798
3422,417,0.600115,0.974785,241.949,-65.0173,1.35442
3422,413,0.438414,0.958253,240.98,-65.2025,1.36988
3422,2463,0.480878,0.965483,241.58,-65.1767,1.38198
3422,415,0.654811,0.981154,241.469,-65.0422,1.36035
3422,421,0.305795,0.920819,242.613,-64.7543,1.3403
3422,413,0.438414,0.958253,240.98,-65.2025,1.36988
3423,419,0.511314,0.963096,242.618,-64.9062,1.34272
3423,2466,0.287513,0.914104,243.032,-64.8254,1.38825
3423,417,0.704166,0.985352,242.215,-64.9919,1.34916
3423,418,0.624015,0.975199,242.427,-64.9563,1.34493
3424,2463,0.354298,0.937814,242.069,-65.118,1.37491
3424,421,0.442077,0.954963,243.102,-64.6955,1.3332
3424,2467,0.250489,0.895984,243.573,-64.7009,1.39364
3424,2462,0.301567,0.922999,241.596,-65.2091,1.37572
3424,2464,0.374017,0.93952,242.515,-65.0181,1.37111
3424,415,0.417322,0.945889,241.958,-64.9834,1.35325
3425,422,0.459895,0.962715,243.389,-64.5848,1.32657
3425,420,0.67307,0.983136,243.195,-64.7078,1.32693
3425,423,0.389055,0.947411,243.449,-64.5363,1.32828
3426,420,0.693483,0.988678,243.372,-64.5988,1.32029
3426,422,0.57571,0.972786,243.566,-64.4762,1.31995
3430,2473,0.129163,0.842162,246.394,-64.1098,1.37583
3431,427,0.73605,0.990717,244.423,-63.4116,1.27833
3431,428,0.618239,0.981444,244.46,-63.2404,1.27045
3431,434,0.241685,0.887172,244.695,-62.0381,1.25905
3432,428,0.774738,0.986154,244.545,-63.011,1.26369
3432,432,0.364253,0.932427,244.755,-62.211,1.24825
3432,433,0.314873,0.917256,244.782,-62.0292,1.24805
3432,434,0.272686,0.903534,244.781,-61.808,1.25229
3432,428,0.774738,0.986154,244.545,-63.011,1.26369
3433,429,0.821238,0.986153,244.588,-62.531,1.24203
3433,429,0.821238,0.986153,244.588,-62.531,1.24203
3433,427,0.545485,0.965692,244.528,-62.9277,1.25556
3433,432,0.43454,0.953902,244.775,-61.9555,1.23219
3433,430,0.68109,0.980902,244.643,-62.3338,1.23681
3433,431,0.5407,0.968912,244.708,-62.1311,1.2364
3434,431,0.737251,0.980685,244.735,-61.899,1.24149
3435,431,0.811651,0.983045,244.783,-61.6967,1.24076
3435,433,0.571923,0.973264,244.876,-61.3392,1.23635
3435,431,0.811651,0.983045,244.783,-61.6967,1.24076
3435,432,0.75631,0.981566,244.85,-61.521,1.23655
3435,429,0.507304,0.96087,244.663,-62.0965,1.24639
3435,436,0.316549,0.928016,244.936,-60.6722,1.24179
3436,434,0.574625,0.976144,244.947,-60.9606,1.24456
3436,431,0.591551,0.978042,244.855,-61.5388,1.24472
3436,433,0.806499,0.989751,244.948,-61.1809,1.24031
3437,431,0.466996,0.967772,244.895,-61.3597,1.24656
3437,437,0.38106,0.944254,245.064,-60.0597,1.2469
3437,433,0.801641,0.990002,244.988,-61.002,1.24216
3437,433,0.801641,0.990002,244.988,-61.002,1.24216
3437,434,0.808423,0.989762,244.987,-60.7821,1.24641
3437,436,0.46391,0.962294,245.048,-60.3349,1.24759
3438,436,0.617257,0.983607,245.118,-60.0934,1.24733
3438,434,0.779515,0.988892,245.057,-60.5406,1.24614
3438,431,0.371702,0.944765,244.965,-61.1178,1.24629
3438,437,0.457877,0.963705,245.135,-59.818,1.24663
3438,428,0.254348,0.898703,244.822,-61.7435,1.25754
3439,436,0.860359,0.989852,245.142,-59.8587,1.24736
3439,435,0.750363,0.989095,245.126,-60.0923,1.24613
3439,435,0.750363,0.989095,245.126,-60.0923,1.24613
3439,425,0.180168,0.862369,244.675,-61.9788,1.27912
3440,436,0.738275,0.991888,245.157,-59.567,1.24766
3440,435,0.541696,0.977045,245.141,-59.8014,1.24642
3440,437,0.877213,0.992182,245.173,-59.2899,1.24696
3440,435,0.541696,0.977045,245.141,-59.8014,1.24642
3440,437,0.877213,0.992182,245.173,-59.2899,1.24696
3441,437,0.721488,0.995187,245.181,-59.0056,1.24631
3441,434,0.348487,0.940814,245.102,-59.7355,1.24582
3441,438,0.877413,0.989354,245.175,-58.738,1.24571
3441,434,0.348487,0.940814,245.102,-59.7355,1.24582
3441,431,0.235633,0.898225,245.01,-60.316,1.24597
3441,436,0.520604,0.975569,245.164,-59.2841,1.24701
3441,437,0.721488,0.995187,245.181,-59.0056,1.24631
3441,440,0.468364,0.966366,245.149,-58.2146,1.2492
3442,439,0.874266,0.991537,245.178,-58.2179,1.24693
3443,438,0.506581,0.974421,245.189,-58.1827,1.24648
3444,441,0.901718,0.996016,245.148,-57.0354,1.24857
3444,440,0.693268,0.988868,245.159,-57.3337,1.24907
3444,441,0.901718,0.996016,245.148,-57.0354,1.24857
3445,441,0.662963,0.987899,245.121,-56.7031,1.24644
3445,442,0.927952,0.998284,245.111,-56.3596,1.24668
3446,443,0.944058,0.997829,245.042,-55.6271,1.23968
3447,444,0.94915,0.9979,244.988,-54.8659,1.22316
3447,444,0.94915,0.9979,244.988,-54.8659,1.22316
3447,444,0.94915,0.9979,244.988,-54.8659,1.22316
3448,445,0.955755,0.997138,244.894,-54.0845,1.20049
3448,445,0.955755,0.997138,244.894,-54.0845,1.20049
3448,446,0.601121,0.986663,244.844,-53.6824,1.19323
3449,446,0.961396,0.996754,244.795,-53.2779,1.18412
3449,446,0.961396,0.996754,244.795,-53.2779,1.18412
3449,443,0.351129,0.932618,244.927,-54.4498,1.21158
3450,447,0.959922,0.997033,244.679,-52.4273,1.1135
3450,447,0.959922,0.997033,244.679,-52.4273,1.1135
3450,447,0.959922,0.997033,244.679,-52.4273,1.1135
3450,445,0.450777,0.95417,244.79,-53.257,1.13094
3450,447,0.959922,0.997033,244.679,-52.4273,1.1135
3451,448,0.955014,0.997767,244.571,-51.4988,1.09232
3452,450,0.605001,0.986724,244.487,-50.1306,1.00122
3452,449,0.933172,0.998347,244.516,-50.5529,1.05765
3452,451,0.423581,0.959165,244.447,-49.732,0.99121
3452,446,0.319944,0.914035,244.654,-51.9083,1.09737
3453,450,0.896183,0.998454,244.454,-49.6965,0.989364
3453,449,0.558659,0.980148,244.484,-50.1188,1.04579
3454,451,0.906241,0.99817,244.373,-48.8912,0.968531
3454,451,0.906241,0.99817,244.373,-48.8912,0.968531
3454,450,0.544633,0.981523,244.413,-49.2931,0.978627
3455,451,0.526597,0.978162,244.355,-48.4814,0.955812
3455,452,0.895207,0.997463,244.326,-48.0727,0.944937
3457,454,0.884631,0.995387,244.288,-46.4722,0.885348
3458,455,0.865615,0.996591,244.25,-45.6402,0.85894
3458,455,0.865615,0.996591,244.25,-45.6402,0.85894
3459,456,0.869581,0.997833,244.187,-44.8104,0.834368
3459,456,0.869581,0.997833,244.187,-44.8104,0.834368
3460,459,0.38908,0.960093,244.222,-43.2809,0.778029
3460,456,0.49675,0.972275,244.193,-44.4008,0.816923
3461,458,0.831708,0.99349,244.222,-43.2262,0.775711
3461,458,0.831708,0.99349,244.222,-43.2262,0.775711
3461,457,0.480903,0.976637,244.203,-43.6005,0.788847
3461,459,0.593945,0.987739,244.229,-42.8909,0.76397
3461,458,0.831708,0.99349,244.222,-43.2262,0.775711
3462,459,0.830616,0.99262,244.238,-42.5239,0.749558
3462,459,0.830616,0.99262,244.238,-42.5239,0.749558
3462,458,0.480495,0.976193,244.231,-42.8553,0.761156
3463,460,0.809539,0.994536,244.274,-41.8126,0.726561
3463,460,0.809539,0.994536,244.274,-41.8126,0.726561
3465,460,0.322762,0.936289,244.304,-40.9342,0.706839
3465,462,0.733925,0.991852,244.333,-40.1746,0.685998
3465,459,0.245153,0.912846,244.289,-41.2658,0.717796
3468,465,0.59259,0.985066,244.331,-37.7167,0.652643
3469,467,0.946059,0.98808,244.261,-36.5902,0.646315
3469,465,0.367048,0.957444,244.298,-37.2921,0.647892
3470,468,0.92916,0.987174,244.168,-35.732,0.637983
3470,463,0.183144,0.901699,244.248,-37.5919,0.655501
3472,471,0.722573,0.996277,244.085,-33.4711,0.622809
3472,470,0.697551,0.987639,244.102,-33.8958,0.626839
3472,470,0.697551,0.987639,244.102,-33.8958,0.626839
3473,473,0.471704,0.975224,243.938,-32.0834,0.616785
3473,472,0.839189,0.9958,243.992,-32.5282,0.617794
3473,472,0.839189,0.9958,243.992,-32.5282,0.617794
3474,473,0.967077,0.996433,243.871,-31.548,0.614599
3476,476,0.700794,0.995286,243.344,-28.9412,0.463605
3478,477,0.519317,0.982039,242.982,-27.4762,0.462343
3478,477,0.519317,0.982039,242.982,-27.4762,0.462343
3478,476,0.360322,0.952698,243.089,-27.8887,0.462104
3481,482,0.918424,0.989197,242.237,-23.7732,0.473997
3481,482,0.918424,0.989197,242.237,-23.7732,0.473997
3481,482,0.918424,0.989197,242.237,-23.7732,0.473997
3482,483,0.862925,0.995287,242.166,-22.7324,0.493557
3482,481,0.357624,0.946333,242.27,-23.6628,0.480399
3482,486,0.300006,0.9313,242.15,-21.4328,0.497871
3482,487,0.250676,0.889265,242.159,-20.9905,0.495265
3483,485,0.713031,0.995124,242.105,-21.2612,0.506236
3484,485,0.600474,0.990436,242.115,-20.684,0.502923
3484,486,0.864121,0.994591,242.133,-20.2697,0.500229
3484,486,0.864121,0.994591,242.133,-20.2697,0.500229
3485,487,0.888908,0.988709,242.153,-19.2451,0.494135
3486,488,0.748252,0.988046,242.129,-18.0986,0.463515
3491,495,0.874187,0.996125,242.43,-11.9046,0.229428
3492,496,0.818063,0.993311,242.298,-11.1968,0.189854
3492,496,0.818063,0.993311,242.298,-11.1968,0.189854
3493,497,0.69269,0.989442,242.158,-10.4716,0.16038
3496,501,0.778458,0.990081,241.695,-7.94246,0.107502
3497,503,0.81662,0.98816,241.537,-6.91145,0.103532
3497,504,0.499478,0.976138,241.473,-6.57471,0.104262
3497,505,0.385221,0.952359,241.416,-6.24853,0.105739
3497,504,0.499478,0.976138,241.473,-6.57471,0.104262
3498,504,0.952486,0.994142,241.397,-6.13945,0.102335
3498,505,0.568093,0.982654,241.34,-5.81276,0.103813
3498,505,0.568093,0.982654,241.34,-5.81276,0.103813
3499,505,0.83851,0.995219,241.258,-5.3539,0.106017
3499,504,0.56046,0.98006,241.315,-5.6812,0.104536
3499,506,0.715856,0.988932,241.218,-4.98387,0.107172
3501,508,0.957113,0.986433,241.18,-3.42416,0.0778022
3501,509,0.581355,0.985473,241.196,-3.06072,0.0780422
3501,508,0.957113,0.986433,241.18,-3.42416,0.0778022
3501,509,0.581355,0.985473,241.196,-3.06072,0.0780422
3502,510,0.702193,0.991973,241.269,-2.22269,0.0762556
3502,504,0.2236,0.881406,241.32,-4.32161,0.0779811
3502,509,0.860914,0.985099,241.232,-2.57992,0.0779045
3502,509,0.860914,0.985099,241.232,-2.57992,0.0779045
3502,510,0.702193,0.991973,241.269,-2.22269,0.0762556
3502,509,0.860914,0.985099,241.232,-2.57992,0.0779045
3502,508,0.572409,0.985389,241.216,-2.94109,0.0776651
3504,512,0.928237,0.988235,241.285,-0.703954,0.059015
3505,513,0.893571,0.986895,241.199,-0.0104298,0.0512712
3505,510,0.350834,0.939051,241.24,-0.953308,0.0616395
3505,513,0.893571,0.986895,241.199,-0.0104298,0.0512712
3506,514,0.812193,0.990789,241.15,0.668943,0.0415626
3506,515,0.816176,0.986454,241.125,0.945251,0.0383218
3506,515,0.816176,0.986454,241.125,0.945251,0.0383218
3506,513,0.53536,0.982627,241.177,0.378488,0.0464895
3507,516,0.92799,0.984785,241.032,1.61654,0.0293784
3507,516,0.92799,0.984785,241.032,1.61654,0.0293784
3507,518,0.49221,0.973221,240.972,2.15344,0.0165218
3507,516,0.92799,0.984785,241.032,1.61654,0.0293784
3507,515,0.705906,0.99147,241.075,1.32247,0.033997
3507,515,0.705906,0.99147,241.075,1.32247,0.033997
3507,520,0.323251,0.939489,240.914,2.68661,0.0098485
3507,517,0.644034,0.985326,240.991,1.88741,0.0229491
3508,517,0.895463,0.989654,240.949,2.26254,0.0159336
3508,518,0.716323,0.985788,240.93,2.52982,0.00948109
3508,519,0.529087,0.980157,240.894,2.79243,0.00455137
3508,516,0.625677,0.988634,240.99,1.99073,0.022382
3508,517,0.895463,0.989654,240.949,2.26254,0.0159336
3508,518,0.716323,0.985788,240.93,2.52982,0.00948109
3508,515,0.479617,0.973072,241.033,1.69604,0.0270111
3509,518,0.813317,0.988863,240.902,2.86737,0.00300744
3509,518,0.813317,0.988863,240.902,2.86737,0.00300744
3509,519,0.825747,0.988976,240.867,3.13166,-0.00195412
3509,560,0.143233,0.799097,240.592,6.94478,-0.146909
3510,520,0.873292,0.990356,240.806,3.7621,-0.00526557
3510,519,0.740899,0.989577,240.828,3.48655,-0.00346059
3511,518,0.40044,0.960431,240.845,3.57012,-0.00231185
3511,520,0.646252,0.990054,240.786,4.11285,-0.00910939
3512,522,0.77082,0.991969,240.728,4.99084,-0.0198325
3512,523,0.778536,0.991835,240.7,5.25823,-0.0259005
3513,525,0.671793,0.990979,240.652,6.06091,-0.0595318
3513,521,0.446326,0.970161,240.726,5.0477,-0.0247735
3513,524,0.830867,0.992598,240.666,5.83612,-0.0437984
3514,527,0.608083,0.980359,240.619,6.84298,-0.0938009
3515,525,0.647316,0.98847,240.624,6.67599,-0.0868968
3516,530,0.573358,0.982096,240.603,8.01117,-0.150314
3517,530,0.703158,0.98707,240.616,8.27542,-0.16097
3517,529,0.783667,0.988832,240.614,8.11129,-0.151305
3518,541,0.41894,0.948659,240.48,9.49363,-0.220116
3519,536,0.587739,0.97635,240.474,9.44281,-0.227074
3519,531,0.737874,0.995036,240.588,8.8561,-0.195477
3520,532,0.719339,0.986382,240.51,9.24951,-0.217992
3520,536,0.662514,0.987064,240.422,9.68447,-0.238358
3520,542,0.567109,0.97203,240.417,9.96888,-0.24902
3520,535,0.725089,0.987937,240.427,9.64986,-0.230912
3520,534,0.771107,0.991082,240.455,9.5698,-0.223935
3520,566,0.360722,0.919799,240.459,10.6816,-0.276989
3520,546,0.572381,0.972075,240.42,9.99834,-0.24919
3520,570,0.277789,0.892905,240.533,11.0046,-0.299017
3520,530,0.562418,0.976224,240.544,8.94941,-0.199358
3521,534,0.745509,0.992204,240.387,9.80243,-0.232127
3521,535,0.773727,0.990406,240.359,9.88252,-0.239107
3521,536,0.751658,0.98928,240.354,9.91716,-0.246556
3521,564,0.470767,0.952116,240.375,10.743,-0.276996
3521,552,0.65763,0.982314,240.347,10.2502,-0.258115
3521,546,0.648963,0.986335,240.352,10.2309,-0.257384
3521,566,0.39656,0.934847,240.391,10.9142,-0.285186
3521,564,0.470767,0.952116,240.375,10.743,-0.276996
3521,562,0.528462,0.963757,240.358,10.5845,-0.269835
3521,553,0.637905,0.982206,240.352,10.2648,-0.258383
3521,535,0.773727,0.990406,240.359,9.88252,-0.239107
3522,537,0.76085,0.985901,240.338,10.1841,-0.257583
3522,539,0.775831,0.990912,240.323,10.3169,-0.263088
3522,549,0.737145,0.992245,240.337,10.4343,-0.267045
3522,552,0.729534,0.990673,240.332,10.4375,-0.267582
3522,535,0.699991,0.984818,240.344,10.0701,-0.248592
3522,571,0.303662,0.913028,240.474,11.482,-0.324752
3523,545,0.769136,0.989647,240.324,10.5453,-0.277641
3523,559,0.775877,0.989198,240.314,10.7041,-0.283219
3523,562,0.6949,0.987503,240.334,10.9081,-0.289307
3523,550,0.773706,0.994705,240.322,10.5587,-0.276742
3523,549,0.767414,0.993375,240.329,10.5709,-0.277062
3523,553,0.781038,0.992073,240.329,10.589,-0.277893
3523,532,0.493782,0.961288,240.419,9.80605,-0.245678
3523,538,0.718603,0.990451,240.329,10.3818,-0.269394
3523,539,0.736381,0.992617,240.315,10.4535,-0.273108
3523,563,0.652694,0.98534,240.336,10.9685,-0.293456
3523,527,0.286646,0.909781,240.445,8.93844,-0.197701
3523,539,0.736381,0.992617,240.315,10.4535,-0.273108
3523,539,0.736381,0.992617,240.315,10.4535,-0.273108
3524,556,0.721441,0.990725,240.33,10.7557,-0.290657
3524,545,0.694177,0.993238,240.335,10.6923,-0.288335
3524,557,0.732198,0.99163,240.334,10.7731,-0.291547
3524,533,0.476375,0.959909,240.401,10.137,-0.260315
3525,569,0.462827,0.958289,240.455,11.796,-0.326111
3525,559,0.681094,0.989562,240.322,10.9831,-0.289728
3525,562,0.767538,0.988217,240.342,11.1873,-0.29582
3525,561,0.718148,0.984217,240.327,11.1156,-0.29311
3526,552,0.569976,0.97776,240.353,11.0197,-0.291155
3526,567,0.660716,0.980667,240.427,11.7754,-0.322982
3526,561,0.628345,0.990956,240.349,11.2819,-0.300149
3526,570,0.469088,0.96302,240.471,12.005,-0.340185
3526,537,0.494754,0.961993,240.359,10.767,-0.281185
3526,562,0.656357,0.989901,240.364,11.3536,-0.302858
3527,533,0.366792,0.926614,240.42,10.5679,-0.267133
3527,537,0.43141,0.953586,240.359,10.8988,-0.285122
3527,562,0.587097,0.981492,240.363,11.4851,-0.306785
3527,573,0.373896,0.946462,240.523,12.417,-0.361885
3527,548,0.493653,0.967516,240.365,11.1548,-0.293533
3527,570,0.517125,0.970014,240.471,12.1363,-0.344103
3528,571,0.51001,0.973597,240.517,12.3241,-0.358972
3528,552,0.45424,0.957923,240.375,11.2807,-0.301852
3528,575,0.324298,0.93588,240.531,12.7565,-0.37779
3528,542,0.473844,0.954877,240.377,11.2326,-0.300976
3528,563,0.590371,0.978961,240.388,11.6745,-0.317685
3528,543,0.481722,0.95584,240.376,11.2371,-0.301076
3528,541,0.439434,0.953386,240.373,11.2115,-0.300122
3529,567,0.749354,0.987937,240.469,12.1584,-0.340137
3529,537,0.365668,0.932471,240.402,11.1502,-0.298348
3530,567,0.630406,0.985433,240.461,12.2397,-0.347314
3530,564,0.485809,0.972976,240.415,11.9762,-0.334345
3530,567,0.630406,0.985433,240.461,12.2397,-0.347314
3530,566,0.61804,0.982571,240.431,12.1478,-0.342551
3530,527,0.198719,0.853976,240.509,9.8508,-0.235687
3531,570,0.848422,0.983641,240.503,12.5131,-0.369625
3531,574,0.489164,0.966818,240.563,12.9032,-0.393692
3531,567,0.57664,0.979929,240.459,12.2837,-0.352441
3531,569,0.765491,0.986834,240.509,12.47,-0.362573
3531,573,0.547654,0.974715,240.555,12.7936,-0.387395
3531,558,0.356767,0.940882,240.382,11.6138,-0.324865
3532,573,0.614833,0.976758,240.558,12.8579,-0.394626
3532,571,0.848152,0.989126,240.529,12.6361,-0.384983
3533,572,0.838239,0.987802,240.585,12.8325,-0.393401
3533,559,0.318813,0.928305,240.412,11.8189,-0.33713
3534,574,0.683139,0.986006,240.638,13.2297,-0.409142
3534,573,0.828068,0.979484,240.63,13.1202,-0.402852
3534,565,0.366507,0.946807,240.494,12.4285,-0.358085
3534,572,0.817367,0.989867,240.623,12.9989,-0.398
3534,567,0.42554,0.960936,240.534,12.6113,-0.367949
3534,573,0.828068,0.979484,240.63,13.1202,-0.402852
3535,573,0.865009,0.9855,240.656,13.2912,-0.405362
3535,573,0.865009,0.9855,240.656,13.2912,-0.405362
3535,573,0.865009,0.9855,240.656,13.2912,-0.405362
3535,574,0.816229,0.984465,240.664,13.4006,-0.411649
3535,575,0.665223,0.979825,240.642,13.5013,-0.414503
3535,575,0.665223,0.979825,240.642,13.5013,-0.414503
3535,571,0.590366,0.980415,240.627,13.0701,-0.395742
3535,557,0.275359,0.904572,240.486,12.0801,-0.341945
3536,573,0.711985,0.978371,240.657,13.4126,-0.412222
3536,573,0.711985,0.978371,240.657,13.4126,-0.412222
3536,576,0.656361,0.98242,240.627,13.7386,-0.423782
3536,576,0.656361,0.98242,240.627,13.7386,-0.423782
3536,575,0.819313,0.987055,240.643,13.6227,-0.42136
3536,573,0.711985,0.978371,240.657,13.4126,-0.412222
3536,574,0.844499,0.983167,240.665,13.522,-0.418507
3537,575,0.893788,0.988994,240.612,13.7168,-0.427285
3537,573,0.59306,0.975839,240.626,13.5067,-0.418142
3537,574,0.708369,0.983593,240.634,13.6161,-0.42443
3537,575,0.893788,0.988994,240.612,13.7168,-0.427285
3537,577,0.663267,0.976584,240.607,13.9084,-0.43338
3537,576,0.818381,0.98658,240.596,13.8328,-0.429709
3538,575,0.714768,0.984347,240.611,13.7873,-0.42876
3538,576,0.874235,0.985254,240.595,13.9033,-0.431184
3538,578,0.645507,0.979708,240.631,14.0395,-0.437396
3538,580,0.459631,0.963328,240.817,14.1966,-0.447589
3538,579,0.533677,0.974588,240.713,14.1037,-0.441228
3538,578,0.645507,0.979708,240.631,14.0395,-0.437396
3539,578,0.827524,0.982601,240.672,14.0975,-0.444599
3539,578,0.827524,0.982601,240.672,14.0975,-0.444599
3539,580,0.535602,0.977099,240.858,14.2546,-0.454805
3539,576,0.688847,0.976641,240.636,13.9612,-0.438379
3539,575,0.56556,0.978179,240.652,13.8451,-0.435954
3539,577,0.863868,0.983219,240.646,14.0368,-0.442051
3539,580,0.535602,0.977099,240.858,14.2546,-0.454805
3539,579,0.654205,0.978116,240.754,14.1617,-0.448435
3539,581,0.446054,0.962151,240.906,14.371,-0.462296
3539,574,0.484201,0.969136,240.674,13.7444,-0.4331
3540,581,0.514286,0.975745,240.972,14.4329,-0.466309
3540,579,0.832098,0.976585,240.82,14.2233,-0.45243
3540,588,0.21877,0.899547,241.751,15.3154,-0.481634
3540,578,0.881434,0.986802,240.737,14.1589,-0.448589
3540,579,0.832098,0.976585,240.82,14.2233,-0.45243
3540,577,0.695856,0.973792,240.712,14.0982,-0.446036
3540,576,0.553444,0.977273,240.701,14.0225,-0.44236
3541,580,0.844679,0.978607,241.015,14.3942,-0.464315
3541,577,0.540346,0.971776,240.803,14.1757,-0.451525
3541,576,0.465956,0.968208,240.793,14.1,-0.447846
3541,576,0.465956,0.968208,240.793,14.1,-0.447846
3541,576,0.465956,0.968208,240.793,14.1,-0.447846
3541,574,0.365544,0.947294,240.831,13.883,-0.442559
3541,579,0.845625,0.98274,240.912,14.301,-0.457928
3541,585,0.338628,0.938862,241.385,15.0679,-0.475172
3541,575,0.40711,0.956984,240.809,13.9838,-0.445416
3542,577,0.452849,0.962904,240.878,14.2926,-0.45941
3542,581,0.871314,0.979715,241.139,14.6285,-0.479761
3542,580,0.818246,0.989067,241.09,14.5115,-0.472234
3542,576,0.397669,0.951163,240.867,14.2168,-0.455725
3542,579,0.637067,0.98419,240.986,14.4182,-0.465831
3542,581,0.871314,0.979715,241.139,14.6285,-0.479761
3542,574,0.321805,0.934818,240.905,13.9995,-0.45043
3543,581,0.823037,0.976726,241.154,14.7238,-0.480245
3543,581,0.823037,0.976726,241.154,14.7238,-0.480245
3543,581,0.823037,0.976726,241.154,14.7238,-0.480245
3543,577,0.387297,0.953177,240.892,14.3871,-0.459868
3543,585,0.452265,0.95891,241.477,15.2839,-0.483668
3543,572,0.252281,0.907327,240.905,13.8627,-0.439729
3543,583,0.684213,0.98023,241.232,14.9691,-0.481716
3544,589,0.287782,0.919992,242.169,15.9339,-0.494778
3544,572,0.230276,0.89586,240.993,14.0268,-0.442673
3544,580,0.500632,0.97112,241.194,14.7723,-0.475715
3544,581,0.613914,0.98132,241.243,14.8898,-0.483268
3545,586,0.543085,0.972845,241.85,15.7143,-0.49244
3545,583,0.757479,0.98014,241.413,15.2717,-0.485715
3545,582,0.596418,0.974824,241.362,15.1234,-0.485552
3545,582,0.596418,0.974824,241.362,15.1234,-0.485552
3545,587,0.446086,0.956728,242.002,15.8063,-0.493998
3546,584,0.744442,0.980569,241.684,15.6133,-0.49126
3546,582,0.476747,0.96545,241.515,15.2869,-0.487206
3547,586,0.966384,0.990861,242.2,16.0188,-0.496654
3547,586,0.966384,0.990861,242.2,16.0188,-0.496654
3547,588,0.556755,0.973892,242.479,16.23,-0.504221
3547,588,0.556755,0.973892,242.479,16.23,-0.504221
3548,585,0.523932,0.968158,242.197,16.0008,-0.495028
3548,587,0.938261,0.980687,242.544,16.2214,-0.501417
3548,588,0.736027,0.985693,242.67,16.34,-0.507433
3549,589,0.74143,0.989702,242.975,16.6295,-0.507632
3549,589,0.74143,0.989702,242.975,16.6295,-0.507632
3549,584,0.374758,0.940596,242.223,15.9898,-0.501213
3550,589,0.861619,0.978615,243.115,16.7586,-0.5183
3550,589,0.861619,0.978615,243.115,16.7586,-0.5183
3550,591,0.560876,0.975575,243.433,16.9775,-0.506847
3550,584,0.3099,0.928794,242.359,16.1158,-0.511732
3551,591,0.810885,0.983429,243.598,17.0876,-0.496356
3551,587,0.387634,0.950284,243.007,16.5921,-0.505984
3552,592,0.833758,0.982908,244.083,17.3153,-0.488243
3553,590,0.435746,0.952914,243.929,17.1547,-0.490707
3554,596,0.451578,0.960125,245.875,17.6959,-0.45072
3554,592,0.520335,0.971257,244.707,17.4429,-0.473829
3556,596,0.949947,0.982237,246.533,17.8223,-0.437911
3556,596,0.949947,0.982237,246.533,17.8223,-0.437911
3557,596,0.600123,0.977164,246.894,17.8933,-0.433037
3558,599,0.690405,0.981525,248.293,18.1652,-0.410636
3559,600,0.707779,0.98241,249.038,18.2673,-0.418492
3560,601,0.788707,0.980844,249.842,18.3463,-0.405548
3561,601,0.718915,0.990593,250.27,18.3828,-0.398773
3561,601,0.718915,0.990593,250.27,18.3828,-0.398773
3561,601,0.718915,0.990593,250.27,18.3828,-0.398773
3561,599,0.382189,0.944762,249.537,18.3307,-0.391068
3562,602,0.647194,0.989654,251.111,18.4281,-0.387356
3563,605,0.567487,0.985335,252.821,18.4704,-0.371446
3565,609,0.323375,0.946954,255.222,18.485,-0.368867
3566,606,0.502691,0.976567,254.537,18.4698,-0.367464
3566,606,0.502691,0.976567,254.537,18.4698,-0.367464
3567,609,0.7192,0.983444,256.05,18.4803,-0.372083
3570,612,0.927432,0.988883,258.746,18.692,-0.374775
3570,612,0.927432,0.988883,258.746,18.692,-0.374775
3571,613,0.944574,0.984878,259.817,18.7718,-0.36901
3572,615,0.589945,0.984324,261.366,18.8636,-0.361403
3573,615,0.760566,0.99071,261.891,18.8857,-0.357873
3574,617,0.717104,0.988571,263.074,19.0378,-0.368353
3575,616,0.396775,0.955882,263.14,19.0531,-0.400669
3576,619,0.945962,0.987046,264.889,19.3408,-0.422333
3577,620,0.921164,0.984039,266.097,19.4021,-0.432545
3577,620,0.921164,0.984039,266.097,19.4021,-0.432545
3578,624,0.279377,0.927604,268.635,19.4439,-0.457365
3580,624,0.729541,0.98505,269.675,19.4145,-0.467111
3580,624,0.729541,0.98505,269.675,19.4145,-0.467111
3581,625,0.857657,0.98626,270.442,19.3975,-0.491176
3581,625,0.857657,0.98626,270.442,19.3975,-0.491176
3581,621,0.21314,0.903215,268.779,19.4417,-0.456584
3582,628,0.334789,0.94432,271.859,19.5784,-0.478654
3583,627,0.84893,0.998118,271.857,19.5956,-0.485576
3583,627,0.84893,0.998118,271.857,19.5956,-0.485576
3583,626,0.448288,0.969056,271.496,19.5279,-0.486753
3583,627,0.84893,0.998118,271.857,19.5956,-0.485576
3584,628,0.736116,0.993814,272.796,19.7419,-0.472054
3584,628,0.736116,0.993814,272.796,19.7419,-0.472054
3584,627,0.419967,0.96016,272.366,19.6789,-0.477704
3584,628,0.736116,0.993814,272.796,19.7419,-0.472054
3585,629,0.642799,0.981626,273.915,19.9239,-0.452568
3586,630,0.588138,0.980843,275.127,20.0529,-0.433378
3587,632,0.84314,0.986149,276.812,20.0751,-0.404583
3587,632,0.84314,0.986149,276.812,20.0751,-0.404583
3587,633,0.454065,0.963647,277.307,20.0742,-0.393136
3587,631,0.51422,0.974136,276.282,20.073,-0.414845
3587,633,0.454065,0.963647,277.307,20.0742,-0.393136
3589,633,0.442624,0.966304,278.49,20.0555,-0.367059
3597,645,0.406407,0.960292,290.168,20.4942,-0.252608
3598,645,0.795256,0.997571,290.826,20.5521,-0.247165
3599,646,0.865369,0.994334,292.063,20.6304,-0.242217
3599,646,0.865369,0.994334,292.063,20.6304,-0.242217
3599,646,0.865369,0.994334,292.063,20.6304,-0.242217
3600,646,0.472498,0.968444,292.739,20.6554,-0.288176
3600,647,0.869947,0.983654,293.329,20.6932,-0.289921
3601,650,0.378061,0.958875,295.43,20.8128,-0.310236
3603,651,0.820747,0.981671,297.088,20.9555,-0.293661
3603,651,0.820747,0.981671,297.088,20.9555,-0.293661
3603,651,0.820747,0.981671,297.088,20.9555,-0.293661
3603,651,0.820747,0.981671,297.088,20.9555,-0.293661
3604,650,0.332747,0.938478,297.21,20.9732,-0.291313
3605,653,0.822749,0.981159,299.271,21.0941,-0.28259
3606,654,0.652979,0.979563,300.302,21.0904,-0.283295
3606,653,0.40127,0.958457,299.848,21.0917,-0.284355
3606,653,0.40127,0.958457,299.848,21.0917,-0.284355
3607,655,0.574543,0.9812,301.429,21.0861,-0.28486
3607,655,0.574543,0.9812,301.429,21.0861,-0.28486
3608,657,0.954206,0.980077,303.245,21.1325,-0.279706
3612,661,0.505725,0.965693,308.101,21.4689,-0.23576
3612,662,0.949713,0.981923,308.593,21.5372,-0.234621
3612,661,0.505725,0.965693,308.101,21.4689,-0.23576
3612,661,0.505725,0.965693,308.101,21.4689,-0.23576
3613,661,0.306156,0.929707,308.696,21.5223,-0.235801
3615,665,0.582989,0.988093,311.922,21.9395,-0.232177
3615,666,0.739333,0.978088,312.439,21.9986,-0.234906
3616,668,0.449447,0.966827,314.193,22.1912,-0.221203
3616,667,0.904815,0.979632,313.615,22.1275,-0.226703
3617,667,0.468174,0.966564,314.31,22.2041,-0.218422
3618,669,0.788383,0.982255,316.028,22.3984,-0.201236
3619,671,0.659104,0.985535,317.638,22.4729,-0.20091
3623,676,0.547854,0.982532,322.644,22.5771,-0.180997
3623,676,0.547854,0.982532,322.644,22.5771,-0.180997
3623,676,0.547854,0.982532,322.644,22.5771,-0.180997
3625,678,0.689365,0.990768,324.928,22.6985,-0.203867
3626,679,0.802506,0.991034,326.159,22.7135,-0.200293
3631,684,0.580167,0.981351,332.137,22.9961,-0.160151
3633,688,0.51258,0.971852,335.596,23.3977,-0.16085
3636,691,0.709216,0.997012,339.247,24.0162,-0.148973
3636,691,0.709216,0.997012,339.247,24.0162,-0.148973
3636,689,0.387815,0.95363,338.173,23.8334,-0.151518
3637,692,0.803845,0.996884,340.305,24.1601,-0.153113
3637,692,0.803845,0.996884,340.305,24.1601,-0.153113
3637,691,0.564411,0.986587,339.813,24.0928,-0.152078
3638,693,0.934271,0.993508,341.398,24.3078,-0.14518
3638,693,0.934271,0.993508,341.398,24.3078,-0.14518
3639,695,0.535048,0.977627,343.284,24.4948,-0.174113
3639,694,0.925612,0.986459,342.682,24.4463,-0.159648
3639,695,0.535048,0.977627,343.284,24.4948,-0.174113
3639,696,0.350397,0.938504,343.813,24.4979,-0.184869
3640,692,0.238697,0.885162,342.228,24.3573,-0.170821
3641,697,0.638392,0.986977,345.487,24.4234,-0.221227
3641,697,0.638392,0.986977,345.487,24.4234,-0.221227
3641,696,0.746794,0.985806,345.022,24.5142,-0.209992
3641,696,0.746794,0.985806,345.022,24.5142,-0.209992
3642,697,0.671347,0.989926,346.068,24.3196,-0.235806
3642,696,0.410313,0.951606,345.612,24.4086,-0.224802
3642,696,0.410313,0.951606,345.612,24.4086,-0.224802
3642,698,0.708468,0.98552,346.561,24.2637,-0.247787
3646,702,0.899532,0.993439,350.112,24.516,-0.296968
3646,700,0.342836,0.940512,349.289,24.4358,-0.295077
3647,703,0.814735,0.99531,351.032,24.6197,-0.283864
3647,703,0.814735,0.99531,351.032,24.6197,-0.283864
3648,706,0.432,0.960506,352.665,24.7575,-0.266923
3648,707,0.318903,0.934937,353.039,24.7698,-0.262119
3648,707,0.318903,0.934937,353.039,24.7698,-0.262119
3648,704,0.729064,0.994214,351.896,24.7288,-0.276612
3650,707,0.845538,0.994879,353.922,24.7887,-0.271515
3650,710,0.284057,0.923838,355.053,24.8924,-0.251275
3652,707,0.365669,0.951965,354.838,24.8454,-0.253888
3652,710,0.620917,0.986057,355.985,24.9503,-0.233359
3653,712,0.452015,0.961708,357.234,25.0701,-0.20905
3653,709,0.490712,0.973883,356.049,24.9547,-0.229631
3656,714,0.883319,0.980414,359.565,25.2704,-0.195075
3657,716,0.674158,0.977637,360.908,25.4416,-0.193979
3659,718,0.82905,0.981913,362.453,25.4934,-0.208245
3660,718,0.602891,0.974441,362.818,25.5148,-0.204069
3663,724,0.690296,0.966658,365.8,25.5765,-0.240434
3663,724,0.690296,0.966658,365.8,25.5765,-0.240434
3663,724,0.690296,0.966658,365.8,25.5765,-0.240434
3663,720,0.382068,0.931133,364.601,25.5542,-0.215815
3664,724,0.742182,0.972511,366.137,25.5545,-0.248414
3665,726,0.772384,0.964409,366.974,25.4995,-0.270423
3666,727,0.734075,0.962095,367.506,25.3747,-0.286794
3666,727,0.734075,0.962095,367.506,25.3747,-0.286794
3666,732,0.31436,0.907337,368.392,25.3864,-0.322276
3668,730,0.658543,0.945352,368.569,25.2591,-0.330853
3668,727,0.453759,0.934688,368.032,25.28,-0.307777
3669,731,0.626683,0.940839,368.987,25.2889,-0.343804
3669,728,0.435939,0.936653,368.473,25.232,-0.323142
3669,730,0.608257,0.944629,368.805,25.2641,-0.336045
3670,723,0.198984,0.86521,367.483,25.3649,-0.290501
3671,735,0.455006,0.926592,370.042,25.5076,-0.376681
3675,735,0.396641,0.921064,370.669,25.7483,-0.390789
3688,746,0.34689,0.889673,372.997,29.2117,-0.472401
3688,747,0.396559,0.89676,373.119,29.4493,-0.483901
3690,744,0.219323,0.856243,372.943,29.2667,-0.474333
3690,747,0.324037,0.884858,373.202,29.9106,-0.487532
3690,745,0.245971,0.863217,372.981,29.4854,-0.470658
3691,752,0.445173,0.905231,373.526,31.0118,-0.497831
3692,746,0.222345,0.866963,373.175,29.9978,-0.481975
3694,752,0.414431,0.914835,373.537,31.699,-0.504963
3694,756,0.380453,0.911357,373.754,32.5077,-0.508229
3694,755,0.460844,0.917649,373.763,32.3065,-0.512553
3695,759,0.268762,0.894893,373.715,33.724,-0.524119
3696,754,0.413162,0.922186,373.682,32.5576,-0.519013
3696,759,0.316747,0.907475,373.668,33.9244,-0.526224
3697,754,0.341394,0.91414,373.63,32.7595,-0.524377
3697,759,0.385508,0.92242,373.616,34.1218,-0.531573
3697,755,0.424428,0.923744,373.647,32.9611,-0.525654
3698,757,0.520783,0.941265,373.565,33.6548,-0.515274
3698,756,0.42477,0.929675,373.574,33.426,-0.519262
3698,755,0.340586,0.913023,373.583,33.2274,-0.523529
3699,758,0.522787,0.948073,373.501,34.3372,-0.532184
3699,759,0.575002,0.961372,373.476,34.728,-0.538531
3700,760,0.596248,0.965232,373.376,35.5481,-0.557239
3700,761,0.524228,0.951979,373.357,35.9066,-0.555933
3700,759,0.522352,0.951158,373.395,35.1174,-0.551001
3701,761,0.606092,0.975367,373.29,36.3073,-0.557277
3702,761,0.504932,0.96177,373.258,36.6435,-0.552615
3704,765,0.595199,0.973268,373.233,38.6158,-0.521716
3704,761,0.303018,0.921536,373.238,37.3242,-0.542028
3705,765,0.643932,0.980423,373.22,39.0004,-0.519826
3705,763,0.367779,0.936717,373.247,38.2944,-0.526826
3711,772,0.829378,0.980594,372.51,44.2325,-0.465328
3711,772,0.829378,0.980594,372.51,44.2325,-0.465328
3714,775,0.753937,0.991644,371.907,47.6046,-0.508161
3717,780,0.446371,0.96708,371.586,51.7184,-0.638123
3718,780,0.815316,0.981216,371.551,52.2355,-0.657182
3718,778,0.400939,0.951705,371.62,51.3017,-0.622261
3718,779,0.611807,0.983295,371.583,51.7586,-0.637703
3718,778,0.400939,0.951705,371.62,51.3017,-0.622261
3721,783,0.934116,0.983308,371.351,55.3443,-0.778635
3721,784,0.547149,0.979388,371.365,55.781,-0.7901
3722,786,0.380229,0.954497,371.413,57.1305,-0.828683
3722,785,0.597334,0.981526,371.396,56.703,-0.816223
3723,785,0.760715,0.990852,371.409,57.19,-0.831271
3723,785,0.760715,0.990852,371.409,57.19,-0.831271
3724,786,0.688214,0.991261,371.446,58.1105,-0.856949
3725,787,0.625951,0.986507,371.463,58.9781,-0.897207
3726,789,0.907948,0.985744,371.475,60.2787,-0.916181
3726,788,0.56694,0.983374,371.469,59.86,-0.910144
3728,791,0.849634,0.983803,371.441,62.0122,-0.915116
3729,792,0.750964,0.985263,371.484,62.9629,-0.91778
3732,795,0.51703,0.971504,371.522,66.1492,-0.927258
3732,797,0.525393,0.978326,371.542,67.1657,-0.937726
3732,797,0.525393,0.978326,371.542,67.1657,-0.937726
3733,797,0.829021,0.984285,371.564,67.7766,-0.946883
3733,797,0.829021,0.984285,371.564,67.7766,-0.946883
3735,803,0.253481,0.903577,371.206,71.8883,-1.07214
3736,799,0.369022,0.950109,371.423,70.6057,-1.02387
3737,802,0.852735,0.991893,371.129,72.5644,-1.08602
3737,802,0.852735,0.991893,371.129,72.5644,-1.08602
3737,801,0.50941,0.973922,371.211,72.1107,-1.08136
3738,804,0.602278,0.981384,370.785,74.1207,-1.11761
3738,804,0.602278,0.981384,370.785,74.1207,-1.11761
3738,803,0.750565,0.98427,370.914,73.6023,-1.11426
3738,800,0.255918,0.897193,371.15,72.235,-1.07577
3739,804,0.687104,0.988616,370.602,74.7242,-1.12926
3741,807,0.827701,0.993372,369.562,77.4643,-1.23355
3742,808,0.800015,0.994004,369.05,78.5073,-1.27956
3742,808,0.800015,0.994004,369.05,78.5073,-1.27956
3743,808,0.448129,0.961022,368.812,79.0722,-1.30597
3744,811,0.729558,0.988014,368.222,80.9508,-1.39986
3745,811,0.573207,0.981616,368.139,81.447,-1.42025
3745,812,0.803161,0.987516,368.074,81.8569,-1.43413
3746,813,0.858881,0.991942,368.02,82.7697,-1.46451
3746,813,0.858881,0.991942,368.02,82.7697,-1.46451
3747,821,0.143829,0.869085,368.085,86.4091,-1.54072
3749,812,0.196574,0.896339,368.061,83.7974,-1.48236
3751,820,0.54678,0.971066,368.116,87.8011,-1.58295
3752,821,0.602761,0.979319,368.112,88.6567,-1.59958
3752,819,0.501346,0.965723,368.118,87.8561,-1.5859
3752,820,0.843533,0.98521,368.106,88.2533,-1.59167
3752,821,0.602761,0.979319,368.112,88.6567,-1.59958
3753,821,0.77418,0.988709,368.133,89.1515,-1.60882
3753,821,0.77418,0.988709,368.133,89.1515,-1.60882
3754,823,0.789449,0.980994,368.405,90.5063,-1.62093
3754,823,0.789449,0.980994,368.405,90.5063,-1.62093
3754,824,0.467542,0.956366,368.564,90.9096,-1.6304
3754,819,0.254117,0.902717,368.245,88.876,-1.59838
3755,824,0.867789,0.990125,368.752,91.4145,-1.64444
3755,823,0.636549,0.971791,368.594,91.0118,-1.63499
3755,821,0.285762,0.916866,368.428,90.1819,-1.62611
3755,824,0.867789,0.990125,368.752,91.4145,-1.64444
3757,826,0.866904,0.990309,369.226,93.1473,-1.66471
3757,826,0.866904,0.990309,369.226,93.1473,-1.66471
3757,823,0.292092,0.904318,368.846,91.9603,-1.6412
3758,828,0.777777,0.990157,369.343,94.3566,-1.67569
3758,828,0.777777,0.990157,369.343,94.3566,-1.67569
3760,830,0.881926,0.98729,369.321,95.9216,-1.69018
3760,830,0.881926,0.98729,369.321,95.9216,-1.69018
3760,829,0.580699,0.978286,369.339,95.6084,-1.68943
3760,834,0.295554,0.93293,369.298,97.3438,-1.70868
3761,833,0.533432,0.9804,369.294,97.4617,-1.71061
3762,833,0.89454,0.989316,369.265,97.957,-1.71893
3762,833,0.89454,0.989316,369.265,97.957,-1.71893
3763,832,0.399447,0.954516,369.248,98.0879,-1.72151
3764,836,0.929228,0.994626,369.222,99.9309,-1.76081
3764,838,0.468582,0.968188,369.237,100.622,-1.77982
3765,838,0.767164,0.987395,369.243,101.109,-1.79612
3765,840,0.393765,0.953698,369.212,101.824,-1.82259
3765,836,0.545196,0.981838,369.228,100.417,-1.77709
3765,833,0.276825,0.926504,369.23,99.3764,-1.75465
3767,841,0.717432,0.988321,369.149,103.227,-1.86226
3768,841,0.654029,0.985764,369.133,103.747,-1.87718
3769,843,0.851227,0.985552,369.093,104.876,-1.90833
3769,843,0.851227,0.985552,369.093,104.876,-1.90833
3769,844,0.702282,0.990331,369.066,105.185,-1.91755
3770,846,0.586325,0.985907,368.905,106.239,-1.95791
3770,849,0.27893,0.919949,368.871,107.112,-1.98777
3771,846,0.855915,0.983571,368.835,106.664,-1.97209
3771,846,0.855915,0.983571,368.835,106.664,-1.97209
3771,847,0.689269,0.99198,368.809,106.956,-1.9839
3771,846,0.855915,0.983571,368.835,106.664,-1.97209
3771,847,0.689269,0.99198,368.809,106.956,-1.9839
3771,849,0.369998,0.942081,368.801,107.539,-2.00204
3772,847,0.701054,0.982775,368.775,107.357,-1.99915
3772,845,0.38217,0.947673,368.881,106.765,-1.97506
3772,847,0.701054,0.982775,368.775,107.357,-1.99915
3773,853,0.285523,0.928458,368.555,109.379,-2.06551
3774,852,0.506824,0.971462,368.499,109.55,-2.0725
3774,852,0.506824,0.971462,368.499,109.55,-2.0725
3774,848,0.383907,0.951993,368.672,108.455,-2.03278
3774,856,0.216248,0.90585,368.512,110.269,-2.08353
3774,851,0.763875,0.986266,368.544,109.301,-2.06771
3775,852,0.927585,0.989278,368.423,109.921,-2.09668
3775,853,0.581343,0.978287,368.401,110.144,-2.10336
3776,853,0.82793,0.983838,368.363,110.475,-2.11095
3776,851,0.39376,0.954824,368.43,110.002,-2.09946
3776,853,0.82793,0.983838,368.363,110.475,-2.11095
3777,853,0.464171,0.963308,368.344,110.743,-2.11846
3778,856,0.946219,0.985114,368.403,111.468,-2.12381
3778,857,0.584463,0.980156,368.372,111.738,-2.12954
3778,854,0.409251,0.956831,368.372,111.181,-2.12259
3778,848,0.157176,0.886996,368.565,109.634,-2.07246
3779,858,0.689178,0.983134,368.369,112.409,-2.13423
3779,857,0.799796,0.986829,368.372,112.034,-2.12922
3780,858,0.674577,0.982749,368.373,112.913,-2.14007
3780,860,0.509303,0.964318,368.322,113.728,-2.15158
3781,860,0.952222,0.983758,368.296,114.244,-2.16039
3781,858,0.397995,0.946972,368.346,113.428,-2.14887
3782,861,0.782271,0.983392,368.211,114.848,-2.15436
3783,864,0.480248,0.962535,368.036,116.05,-2.14458
3784,864,0.899846,0.986659,367.935,116.484,-2.14306
3784,864,0.899846,0.986659,367.935,116.484,-2.14306
3784,864,0.899846,0.986659,367.935,116.484,-2.14306
3784,865,0.540447,0.966638,367.837,117.083,-2.14363
3785,864,0.504344,0.960926,367.799,117.116,-2.14053
3787,868,0.794137,0.988718,367.826,120.288,-2.13341
3787,867,0.639444,0.978482,367.884,119.947,-2.13449
3789,869,0.505265,0.964728,367.763,121.932,-2.1532
3794,878,0.369641,0.94847,367.132,130.038,-2.36708
3795,881,0.223656,0.905063,367.062,132.087,-2.43327
3796,879,0.755137,0.989485,367.102,131.741,-2.43022
3799,885,0.2675,0.904552,366.683,136.185,-2.55998
3799,882,0.833413,0.99868,366.786,134.737,-2.5208
3800,883,0.741858,0.995609,366.631,135.659,-2.57395
3801,885,0.71773,0.991703,366.6,137.288,-2.61083
3801,886,0.42545,0.950863,366.568,137.833,-2.61687
3801,884,0.625978,0.984697,366.591,136.728,-2.60273
3801,887,0.295292,0.918977,366.526,138.327,-2.62249
3802,886,0.82283,0.992464,366.54,138.473,-2.62444
3803,887,0.936294,0.990474,366.438,139.595,-2.64092
3803,887,0.936294,0.990474,366.438,139.595,-2.64092
3805,890,0.589387,0.982237,365.879,141.909,-2.67039
3805,889,0.771457,0.98654,366.032,141.455,-2.66111
3805,891,0.379721,0.947414,365.842,142.37,-2.67549
3806,890,0.698358,0.986316,365.755,142.433,-2.67525
3806,891,0.674516,0.986495,365.718,142.894,-2.68036
3806,891,0.674516,0.986495,365.718,142.894,-2.68036
3808,893,0.884153,0.989423,365.486,144.941,-2.69478
3809,894,0.935601,0.996985,365.495,145.959,-2.6907
3809,893,0.487695,0.968103,365.496,145.493,-2.69325
3812,897,0.612792,0.992047,365.624,148.818,-2.67989
3812,896,0.388841,0.957997,365.577,148.39,-2.68204
3812,898,0.732307,0.99,365.66,149.26,-2.68007
3814,900,0.976631,0.986306,365.777,151.413,-2.70178
3814,900,0.976631,0.986306,365.777,151.413,-2.70178
3814,900,0.976631,0.986306,365.777,151.413,-2.70178
3815,901,0.807801,0.992924,365.732,152.678,-2.71228
3816,902,0.729837,0.991417,365.666,153.841,-2.72701
3816,902,0.729837,0.991417,365.666,153.841,-2.72701
3816,902,0.729837,0.991417,365.666,153.841,-2.72701
3817,904,0.7015,0.988914,365.489,155.435,-2.75247
3821,909,0.650494,0.978558,364.433,160.405,-2.91289
3821,909,0.650494,0.978558,364.433,160.405,-2.91289
3824,912,0.942168,0.996352,363.975,163.399,-2.97058
3825,914,0.590035,0.978562,364.16,165.009,-3.01592
3825,915,0.381623,0.942938,364.222,165.523,-3.02664
3825,913,0.836697,0.995925,364.088,164.478,-3.01507
3827,913,0.291714,0.907232,364.268,165.792,-3.02521
3829,918,0.867509,0.99781,364.562,169.84,-3.13146
3831,924,0.272675,0.913596,364.384,173.447,-3.29729
3832,922,0.859185,0.990245,364.47,173.129,-3.29915
3833,921,0.345954,0.938146,364.416,173.271,-3.29524
3835,927,0.64135,0.983553,363.799,176.335,-3.39846
3836,929,0.506939,0.977286,363.608,177.446,-3.41042
3837,926,0.305888,0.926531,363.705,176.991,-3.40707
3837,928,0.520139,0.973243,363.587,177.571,-3.41496
3837,929,0.729996,0.989229,363.526,177.915,-3.42121
3838,927,0.280111,0.909691,363.525,177.8,-3.41491
3839,930,0.369696,0.943935,363.241,179.412,-3.43035
3847,948,0.436377,0.943492,360.446,188.863,-3.693
3847,948,0.436377,0.943492,360.446,188.863,-3.693
3847,945,0.330324,0.928943,360.82,188.27,-3.65727
4450,0,0.591872,0.958124,-0.977361,1.27214,-1.19605
4450,1,0.851439,0.971549,-0.615349,1.30656,-1.18862
4451,2,0.908355,0.973291,0.0498325,1.31374,-1.1799
4451,1,0.606381,0.967522,-0.311602,1.29669,-1.18626
4451,3,0.55903,0.961262,0.437008,1.33942,-1.17494
4452,2,0.627345,0.971904,0.39036,1.30854,-1.17366
4453,1,0.341122,0.932795,0.363602,1.2885,-1.17373
4453,1,0.341122,0.932795,0.363602,1.2885,-1.17373
4453,2,0.442971,0.953976,0.725781,1.30557,-1.16735
4453,2,0.442971,0.953976,0.725781,1.30557,-1.16735
4454,5,0.762621,0.974937,2.19246,1.38235,-1.13896
4454,3,0.456259,0.956078,1.44216,1.34478,-1.15344
4454,5,0.762621,0.974937,2.19246,1.38235,-1.13896
4455,6,0.71757,0.975581,2.9255,1.42393,-1.12245
4456,5,0.460048,0.959269,2.88073,1.42321,-1.12
4457,8,0.642704,0.973857,4.38684,1.5098,-1.08648
4459,9,0.726059,0.976625,5.45931,1.59607,-1.06577
4459,9,0.726059,0.976625,5.45931,1.59607,-1.06577
4460,10,0.746077,0.979536,6.3018,1.60145,-1.04999
4460,10,0.746077,0.979536,6.3018,1.60145,-1.04999
4461,11,0.741802,0.976659,7.26964,1.62398,-1.03216
4466,16,0.687802,0.975587,12.0468,1.67479,-1.00162
4466,17,0.636766,0.961409,12.5105,1.71939,-1.00279
4467,18,0.645497,0.961255,13.509,1.63967,-1.00507
4468,19,0.643958,0.963225,14.532,1.30204,-1.01126
4470,19,0.405031,0.924566,15.4097,1.16658,-1.00277
4471,21,0.592756,0.924981,16.6837,1.04853,-0.990294
4476,27,0.743603,0.959115,21.5843,1.7067,-0.962519
4476,27,0.743603,0.959115,21.5843,1.7067,-0.962519
4478,28,0.453082,0.943907,22.9835,2.08601,-0.943219
4479,30,0.677021,0.973886,24.6244,2.34206,-0.918122
4479,30,0.677021,0.973886,24.6244,2.34206,-0.918122
4480,31,0.667134,0.975664,25.7786,2.37784,-0.909104
4481,32,0.620635,0.977245,26.8838,2.4153,-0.895831
4481,31,0.384731,0.943252,26.3449,2.403,-0.901242
4483,34,0.54885,0.979078,28.7789,2.5445,-0.879054
4484,36,0.855388,0.989684,30.2158,2.76351,-0.86438
4484,36,0.855388,0.989684,30.2158,2.76351,-0.86438
4484,44,0.111441,0.869645,34.1966,3.37621,-0.828617
4486,37,0.475531,0.970074,31.9822,2.95111,-0.847002
4487,37,0.314275,0.93761,32.5453,3.0145,-0.846126
4488,40,0.779397,0.994128,34.6548,3.23634,-0.832587
4488,41,0.599388,0.986795,35.133,3.31856,-0.829156
4488,42,0.375367,0.95364,35.6299,3.41825,-0.821367
4488,40,0.779397,0.994128,34.6548,3.23634,-0.832587
4488,43,0.27074,0.927826,36.0918,3.51294,-0.818182
4489,46,0.178554,0.850897,38.2885,4.02931,-0.813467
4489,41,0.721173,0.982723,35.6661,3.41518,-0.823134
4489,47,0.151893,0.814958,38.9232,4.05598,-0.812628
4489,46,0.178554,0.850897,38.2885,4.02931,-0.813467
4490,43,0.681479,0.988375,37.1935,3.7289,-0.808043
4491,42,0.375527,0.954993,37.2704,3.75443,-0.810804
4491,42,0.375527,0.954993,37.2704,3.75443,-0.810804
4491,45,0.43015,0.954997,38.824,4.14408,-0.808348
4492,45,0.807668,0.987766,39.4329,4.29643,-0.806859
4492,45,0.807668,0.987766,39.4329,4.29643,-0.806859
4492,46,0.442494,0.952204,40.061,4.43418,-0.807348
4492,46,0.442494,0.952204,40.061,4.43418,-0.807348
4493,45,0.517393,0.965386,40.1341,4.463,-0.809622
4493,45,0.517393,0.965386,40.1341,4.463,-0.809622
4493,46,0.8586,0.991913,40.7715,4.60287,-0.810132
4493,46,0.8586,0.991913,40.7715,4.60287,-0.810132
4494,47,0.882271,0.985741,42.1397,4.65673,-0.809767
4494,47,0.882271,0.985741,42.1397,4.65673,-0.809767
4494,47,0.882271,0.985741,42.1397,4.65673,-0.809767
4494,47,0.882271,0.985741,42.1397,4.65673,-0.809767
4494,41,0.14489,0.811548,38.7212,3.98508,-0.820585
4494,43,0.201172,0.837833,39.7359,4.19027,-0.809245
4494,47,0.882271,0.985741,42.1397,4.65673,-0.809767
4494,51,0.203717,0.873169,44.2938,4.61126,-0.84341
4494,45,0.327439,0.906344,40.8606,4.49171,-0.810106
4495,48,0.844632,0.9829,43.4959,4.59245,-0.813446
4495,48,0.844632,0.9829,43.4959,4.59245,-0.813446
4495,48,0.844632,0.9829,43.4959,4.59245,-0.813446
4495,47,0.469247,0.961522,42.8695,4.62573,-0.811507
4495,50,0.347878,0.939812,44.5262,4.57456,-0.837667
4495,46,0.327417,0.90748,42.2372,4.60034,-0.812355
4496,50,0.582088,0.978889,45.1235,4.56774,-0.845636
4498,51,0.643395,0.986373,46.6287,4.58829,-0.86404
4499,53,0.76645,0.991968,48.2166,4.64644,-0.867266
4500,53,0.540179,0.972133,48.7646,4.69119,-0.889384
4502,57,0.585206,0.980648,51.4761,4.97963,-0.87299
4502,57,0.585206,0.980648,51.4761,4.97963,-0.87299
4503,58,0.642172,0.983014,52.4323,5.07514,-0.863628
4504,59,0.706838,0.982148,53.4466,5.14417,-0.85486
4505,59,0.560853,0.978452,54.0047,5.15603,-0.851697
4506,61,0.87467,0.991812,55.3736,5.22521,-0.83452
4506,61,0.87467,0.991812,55.3736,5.22521,-0.83452
4507,62,0.778444,0.989078,56.2623,5.26199,-0.818202
4508,64,0.694965,0.991527,57.8499,5.23848,-0.803461
4509,62,0.277232,0.914186,57.5058,5.2838,-0.803078
4509,63,0.370789,0.945208,57.9728,5.25075,-0.803434
4510,68,0.36431,0.945762,61.2425,5.33207,-0.787341
4511,68,0.6528,0.987177,61.9171,5.32329,-0.787234
4515,73,0.896421,0.983805,66.2554,5.52871,-0.758177
4516,72,0.348703,0.948984,66.4469,5.55464,-0.753196
4516,74,0.782302,0.987931,67.2352,5.66499,-0.744245
4520,81,0.729884,0.992047,72.8693,6.18787,-0.741919
4522,83,0.532611,0.976335,74.8989,6.22228,-0.729774
4523,86,0.72256,0.986288,76.7351,6.59256,-0.713706
4524,90,0.495335,0.974658,78.5197,6.84969,-0.711318
4526,97,0.336907,0.933911,81.2382,6.77114,-0.754769
4526,91,0.508187,0.97251,79.8503,6.95425,-0.730424
4527,104,0.208875,0.887959,83.0877,6.31193,-0.783096
4528,100,0.501326,0.971646,82.825,6.55844,-0.792839
4528,98,0.853267,0.983337,82.4576,6.62367,-0.784742
4529,102,0.573577,0.970476,83.7194,6.3903,-0.803077
4529,100,0.843258,0.982172,83.332,6.52312,-0.800211
4531,119,0.147517,0.873764,86.7844,4.51943,-0.760264
4532,105,0.349021,0.926503,85.8141,6.07001,-0.829486
4532,98,0.182129,0.884132,84.5519,6.51637,-0.82006
4532,105,0.349021,0.926503,85.8141,6.07001,-0.829486
4533,1563,0.213577,0.883017,88.4958,5.41643,-0.801776
4533,1559,0.23206,0.886782,88.9769,6.1152,-0.820562
4534,1558,0.297465,0.901215,89.5041,6.33966,-0.81744
4534,1557,0.270728,0.896555,89.6443,6.52347,-0.821714
4534,1558,0.297465,0.901215,89.5041,6.33966,-0.81744
4536,1558,0.510057,0.932727,90.2906,6.50388,-0.80885
4536,1561,0.296399,0.910337,89.9056,5.95867,-0.801239
4536,1561,0.296399,0.910337,89.9056,5.95867,-0.801239
4536,1550,0.216806,0.848105,91.8056,7.11429,-0.783023
4537,1558,0.402654,0.942756,90.7603,6.61921,-0.797326
